e
000000000000000000    000000000000000000
0                                      0
0                                      0
0                                      0
0       123123123123123123123123       0
0       3                      1       0
0       2                      2       0
0       1                      3       0
0       3                      1       0
        2          00          2        
        1          00          3        
0       3                      1       0
0       2                      2       0
0       1                      3       0
0       321321321321321321321321       0
0                                      0
0                                      0
0                                      0
0                                      0
000000000000000000    000000000000000000
m
000000000000000000    000000000000000000
0                0       0             0
000 0 000 0 0 00000  000 0 0 0 0 000 0 0
0       0     0      0       0         0
0 0 0 000 0 000 0 0000 0 0 000 0 000 0 0
0     0     0            0       0     0
0 000 0 0 0 0 000 0  000 0 0 0 000 0 0 0
0   0         0            0           0
000 0 000 000 0 000  0 000 000 0 0000000
    0     0       0  0             0    
    0     0       0  0             0    
0 000 000 000 000 0  0 0 00000 0 0 000 0
0   0   0   0     0    0   0   0       0
000 0 000 0 000 0 0000 000 0 00000 0 000
0   0                0     0   0   0   0
000 0 0 000 0 0 000  0000000 000 0 000 0
0               0    0     0   0 0     0
0 000 0 0 0 000 0000000000 000 0 0 0 000
0               0                      0
000000000000000000    000000000000000000
e
000000000000000000    000000000000000000
0    0                            0    0
0    0          0                 0    0
0    0000000    0   00000000000   0    0
0          0    0   0             0    0
0     0    0    00000    0        0    0
0     0    0        0    0     0       0
0     0    0        0    0     0       0
0     000000        0    0     0       0
           000000000000000     0        
                0              0        
0       0       0000           0       0
0  000000                      0       0
0  0          000000000000000000       0
0  0          0                        0
0  00000000000000000000                0
0         0             00000000       0
0         0                    0       0
0         0                    0       0
000000000000000000    000000000000000000
m
000000000000000000    000000000000000000
0                0    0                0
0                0    0                0
0                0    0                0
0                0    0                0
0                0    0                0
0                0    0                0
0                0    0                0
0000000000000000        0000000000000000
                                        
                                        
0000000000000000        0000000000000000
0                0    0                0
0                0    0                0
0                0    0                0
0                0    0                0
0                0    0                0
0                0    0                0
0                0    0                0
000000000000000000    000000000000000000
h
000000000000000000    000000000000000000
0                                      0
0                                      0
0        0  0    0                     0
0        0  0               0 0        0
0        0000    0                     0
0        0  0    0        0     0      0
0        0  0    0         00000       0
0                                      0
                                        
                                        
0                                      0
0          000                         0
0          0  0                        0
0          000    000 0    0  0        0
0          0 0   0   0     0  0        0
0          0  0   000 00    000        0
0                             0        0
0                          000         0
000000000000000000    000000000000000000