      18, 0,0,0,0,   -4,   -2,    6,    1
      33, 0,0,0,0,   -3,    0,    3,    2
      48, 0,0,0,0,   -4,   -8,    4,   -2
      63, 0,0,0,0,   -4,   -2,    5,   -2
      80, 0,0,0,0,   -3,    1,    5,    1
      95, 0,0,0,0,   -3,    0,    4,   -3
     110, 0,0,0,0,   -4,   -3,    4,   -2
     127, 0,0,0,0,   -4,    0,    4,    2
     142, 0,0,0,0,   -4,    0,    4,   -2
     157, 0,0,0,0,   -4,   -4,    5,   -3
     172, 0,0,0,0,   -4,    0,    3,    2
     187, 0,0,0,0,   -3,   -8,    4,   -3
     203, 0,0,0,0,   -4,    0,    4,   -2
     218, 0,0,0,0,   -4,    1,    5,    1
     233, 0,0,0,0,   -3,    0,    4,    0
     248, 0,0,0,0,   -4,   -1,    4,    2
     264, 0,0,0,0,   -3,    1,    5,    1
     280, 0,0,0,0,   -4,    0,    6,    1
     296, 0,0,0,0,   -4,   -6,    3,   -2
     311, 0,0,0,0,   -4,   -8,    2,   -2
     327, 0,0,0,0,   -4,    0,    3,   -2
     342, 0,0,0,0,   -4,    1,    4,    1
     358, 0,0,0,0,   -4,   -6,    4,   -2
     374, 0,0,0,0,   -4,    0,    5,   -3
     389, 0,0,0,0,   -4,   -9,    3,   -2
     404, 0,0,0,0,   -4,   -8,    4,   -2
     420, 0,0,0,0,   -4,    0,    3,   -2
     435, 0,0,0,0,   -4,    0,    5,    1
     450, 0,0,0,0,   -3,    1,    6,    1
     466, 0,0,0,0,   -4,    0,    4,    2
     482, 0,0,0,0,   -3,    0,    6,    1
     497, 0,0,0,0,   -4,    0,    4,    1
     514, 0,0,0,0,   -4,    0,    6,    0
     529, 0,0,0,0,   -4,   -8,    4,   -2
     544, 0,0,0,0,   -4,    0,    4,    1
     560, 0,0,0,0,   -3,   -2,    6,   -3
     575, 0,0,0,0,   -4,    0,    4,   -2
     590, 0,0,0,0,   -4,    0,    3,    2
     605, 0,0,0,0,   -4,   -4,    4,   -2
     620, 0,0,0,0,   -3,    0,    4,   -3
     636, 0,0,0,0,   -4,    0,    4,    2
     652, 0,0,0,0,   -4,    0,    4,   -2
     668, 0,0,0,0,   -4,   -1,    4,    1
     684, 0,0,0,0,   -4,    1,    4,    1
     699, 0,0,0,0,   -4,    0,    5,    1
     715, 0,0,0,0,   -4,    0,    4,    1
     731, 0,0,0,0,   -4,    0,    4,   -3
     747, 0,0,0,0,   -4,   -1,    5,    2
     763, 0,0,0,0,   -5,   -2,    5,   -1
     779, 0,0,0,0,   -4,   -4,    5,   -2
     794, 0,0,0,0,   -4,   -6,    3,   -3
     809, 0,0,0,0,   -4,    0,    4,    2
     825, 0,0,0,0,   -3,    0,    4,   -3
     841, 0,0,0,0,   -4,   -8,    4,   -3
     857, 0,0,0,0,   -4,    0,    5,    2
     873, 0,0,0,0,   -3,   -8,  -15,   -5
     888, 0,0,0,0,   -4,   -2,  -15,   -4
     903, 0,0,0,0,   -4,   -9,  -13,   -4
     919, 0,0,0,0,   -3,   -8,  -15,   -5
     934, 0,0,0,0,   -5,   -2,  -16,   -4
     950, 0,0,0,0,   -3,   -8,  -13,   -4
     966, 0,0,0,0,   -3,   -6,   -8,   -5
     982, 0,0,0,0,   -4,   -9,   -7,   -2
     997, 0,0,0,0,   -4,   -9,   -8,   -3
    1013, 0,0,0,0,   -4,   -6,   -9,   -4
    1028, 0,0,0,0,   -4,   -1,   -7,   -1
    1043, 0,0,0,0,   -4,   -9,   -8,    0
    1058, 0,0,0,0,   -4,   -9,   -7,    0
    1074, 0,0,0,0,   -4,   -6,   -8,   -4
    1089, 0,0,0,0,   -3,   -9,   -8,   -4
    1105, 0,0,0,0,   -3,   -8,   -7,   -4
    1120, 0,0,0,0,   -4,    0,   -7,    1
    1136, 0,0,0,0,   -4,   -9,   -5,   -4
    1152, 0,0,0,0,   -5,   -2,    5,   -4
    1168, 0,0,0,0,   -4,    0,    5,   -2
    1183, 0,0,0,0,   -4,    1,    4,   -3
    1199, 0,0,0,0,   -4,   -8,    4,   -4
    1214, 0,0,0,0,   -4,    0,   -3,   -4
    1230, 0,0,0,0,   -4,   -9,    2,   -4
    1245, 0,0,0,0,   -4,   -9,   -3,   -3
    1260, 0,0,0,0,   -4,   -1,    2,   -4
    1275, 0,0,0,0,   -4,   -9,    5,   -3
    1291, 0,0,0,0,   -4,    0,   13,   -7
    1307, 0,0,0,0,   -3,    8,   57,  -30
    1321, 0,0,0,0,   -4,    9,  116,  -45
    1336, 0,0,0,0,   -3,   11,  125,  -53
    1352, 0,0,0,0,   -4,   10,  125,  -51
    1367, 0,0,0,0,   -4,    9,  124,  -44
    1384, 0,0,0,0,   -4,   11,  125,  -45
    1399, 0,0,0,0,   -4,   11,  127,  -44
    1415, 0,0,0,0,   -3,   10,  127,  -45
    1430, 0,0,0,0,   -4,   10,  126,  -43
    1446, 0,0,0,0,   -5,    9,  127,  -40
    1462, 0,0,0,0,   -4,   10,  127,  -42
    1477, 0,0,0,0,   -4,   10,  127,  -33
    1493, 0,0,0,0,   -4,   10,  123,  -34
    1507, 0,0,0,0,   -3,    9,  118,  -35
    1523, 0,0,0,0,   -4,   10,  115,  -34
    1539, 0,0,0,0,   -4,   10,   91,  -22
    1555, 0,0,0,0,   -5,    1,   54,   -9
    1570, 0,0,0,0,   -4,   -8,    3,   -3
    1585, 0,0,0,0,   -4,   -9,   -3,    3
    1601, 0,0,0,0,   -4,    0,    4,    3
    1616, 0,0,0,0,   -4,    0,    3,   -4
    1631, 0,0,0,0,   -4,   -9,    1,   -2
    1647, 0,0,0,0,   -4,    9,   78,   12
    1663, 0,0,0,0,   -3,   10,  122,   11
    1678, 0,0,0,0,   -4,    9,  127,   11
    1694, 0,0,0,0,   -3,   11,  127,    8
    1710, 0,0,0,0,   -4,   10,  127,   15
    1726, 0,0,0,0,   -3,   11,  127,    8
    1742, 0,0,0,0,   -4,   11,  127,    8
    1757, 0,0,0,0,   -4,   10,  127,    8
    1773, 0,0,0,0,   -4,   10,  127,    5
    1789, 0,0,0,0,   -4,   10,  113,    5
    1805, 0,0,0,0,   -4,    9,   77,    5
    1822, 0,0,0,0,   -3,    1,   42,    6
    1837, 0,0,0,0,   -4,    0,    5,    4
    1852, 0,0,0,0,   -4,    0,    4,   -2
    1868, 0,0,0,0,   -4,   -9,    0,   -4
    1884, 0,0,0,0,   -3,    0,    2,    3
    1899, 0,0,0,0,   -4,   -9,    3,    4
    1915, 0,0,0,0,   -4,   -8,    3,   -3
    1930, 0,0,0,0,   -4,    0,    4,   -3
    1945, 0,0,0,0,   -4,   -4,    2,   -3
    1960, 0,0,0,0,   -3,   -1,    2,    4
    1976, 0,0,0,0,   -4,   -9,    2,   -2
    1991, 0,0,0,0,   -4,   -3,    2,    7
    2007, 0,0,0,0,   -4,    0,   16,   10
    2023, 0,0,0,0,   -4,    0,   17,   11
    2038, 0,0,0,0,   -4,    1,   21,   17
    2053, 0,0,0,0,   -4,    0,   48,   18
    2069, 0,0,0,0,   -4,    9,   88,   24
    2085, 0,0,0,0,   -4,    9,   88,   29
    2101, 0,0,0,0,   -3,   10,  106,   28
    2117, 0,0,0,0,   -3,   10,  127,   30
    2132, 0,0,0,0,   -4,   10,  127,   23
    2148, 0,0,0,0,   -4,   10,  127,   17
    2164, 0,0,0,0,   -5,    9,  127,   10
    2179, 0,0,0,0,   -4,   10,  127,    8
    2195, 0,0,0,0,   -4,    8,   84,   16
    2210, 0,0,0,0,   -5,    1,   72,   11
    2225, 0,0,0,0,   -3,    8,   58,   15
    2241, 0,0,0,0,   -4,   -9,    1,    5
    2256, 0,0,0,0,   -4,   -2,    1,    2
    2272, 0,0,0,0,   -4,   -9,   -4,    4
    2286, 0,0,0,0,   -3,   -9,   -3,    3
    2302, 0,0,0,0,   -4,   -1,    1,    1
    2317, 0,0,0,0,   -4,   -9,   -1,    4
    2333, 0,0,0,0,   -5,   -3,    1,   -2
    2349, 0,0,0,0,   -4,    0,    4,    4
    2364, 0,0,0,0,   -4,   -1,    3,    2
    2379, 0,0,0,0,   -4,    1,   15,    5
    2395, 0,0,0,0,   -4,    1,   44,   -2
    2411, 0,0,0,0,   -3,   10,  109,    5
    2426, 0,0,0,0,   -4,   11,  127,    6
    2442, 0,0,0,0,   -4,   10,  127,    5
    2457, 0,0,0,0,   -4,   10,  127,    4
    2472, 0,0,0,0,   -3,   10,  127,    4
    2487, 0,0,0,0,   -3,   11,  127,    5
    2502, 0,0,0,0,   -4,   10,  127,    6
    2518, 0,0,0,0,   -3,   10,  127,    3
    2534, 0,0,0,0,   -4,    9,   75,    3
    2549, 0,0,0,0,   -4,   -1,    4,   -3
    2565, 0,0,0,0,   -6,   -2,    4,   -2
    2581, 0,0,0,0,   -4,    0,    3,    4
    2599, 0,0,0,0,   -5,   -3,    2,   -3
    2613, 0,0,0,0,   -4,   -8,    3,   -2
    2628, 0,0,0,0,   -4,   -1,    3,    3
    2644, 0,0,0,0,   -4,   -9,    2,   -3
    2660, 0,0,0,0,   -4,   -8,    3,   -2
    2675, 0,0,0,0,   -4,   -1,    2,    3
    2691, 0,0,0,0,   -4,    0,   -4,   -3
    2706, 0,0,0,0,   -4,   -9,   -4,    3
    2722, 0,0,0,0,   -4,   -1,    0,   -3
    2738, 0,0,0,0,   -4,   -9,    1,    3
    2754, 0,0,0,0,   -4,   -8,   -4,   -3
    2769, 0,0,0,0,   -4,   -6,    2,   -3
    2785, 0,0,0,0,   -4,    1,    0,   -2
    2801, 0,0,0,0,   -4,   -8,    2,   -3
    2815, 0,0,0,0,   -4,   -8,    4,   -3
    2831, 0,0,0,0,   -3,    0,   16,    5
    2847, 0,0,0,0,   -4,   11,  127,    4
    2863, 0,0,0,0,   -3,   10,  127,    3
    2878, 0,0,0,0,   -4,   11,  127,    4
    2894, 0,0,0,0,   -4,   -8,   -7,   -4
    2910, 0,0,0,0,   -5,   -3,    1,   -2
    2925, 0,0,0,0,   -5,   -4,    0,   -2
    2940, 0,0,0,0,   -5,   -2,    1,   -2
    2955, 0,0,0,0,   -4,   -8,    2,   -2
    2971, 0,0,0,0,   -4,   -9,   -5,    6
    2987, 0,0,0,0,   -3,   -8,   -6,    4
    3003, 0,0,0,0,   -4,   -9,    2,    5
    3027, 0,0,0,0,   -4,   -9,   -4,    6
    3050, 0,0,0,0,   -4,   -9,   -4,    5
    3066, 0,0,0,0,   -4,   -2,    1,    2
    3082, 0,0,0,0,   -4,   -6,    1,   -3
    3097, 0,0,0,0,   -4,   -5,    1,   -2
    3113, 0,0,0,0,   -3,    0,    8,   -3
    3129, 0,0,0,0,   -4,    1,   49,   -3
    3145, 0,0,0,0,   -3,   10,  115,   -9
    3160, 0,0,0,0,   -3,   10,  127,  -17
    3176, 0,0,0,0,   -4,   10,  127,  -17
    3191, 0,0,0,0,   -3,   11,  127,  -18
    3206, 0,0,0,0,   -4,   11,  127,  -18
    3222, 0,0,0,0,   -4,   11,  127,  -18
    3242, 0,0,0,0,   -4,   10,  127,  -17
    3253, 0,0,0,0,   -4,   10,  114,  -19
    3269, 0,0,0,0,   -3,    9,   76,  -12
    3284, 0,0,0,0,   -4,    8,   58,  -10
    3300, 0,0,0,0,   -4,    0,   24,  -11
    3315, 0,0,0,0,   -4,   -2,  -16,   -2
    3331, 0,0,0,0,   -3,   -4,   -7,   -3
    3346, 0,0,0,0,   -4,    0,    2,   -2
    3361, 0,0,0,0,   -4,    0,    3,    3
    3377, 0,0,0,0,   -4,   -8,    4,   -3
    3393, 0,0,0,0,   -4,   -3,    3,   -2
    3409, 0,0,0,0,   -3,   -8,    4,   -3
    3426, 0,0,0,0,   -4,   -1,    3,    2
    3440, 0,0,0,0,   -3,   -4,    5,   -4
    3456, 0,0,0,0,   -4,   -8,    3,   -3
    3471, 0,0,0,0,   -4,   -8,    2,   -2
    3487, 0,0,0,0,   -3,    1,   21,    2
    3503, 0,0,0,0,   -4,    0,   22,    2
    3518, 0,0,0,0,   -3,    1,   31,    2
    3533, 0,0,0,0,   -4,    8,   59,   -4
    3548, 0,0,0,0,   -4,    9,   76,   -8
    3565, 0,0,0,0,   -4,   10,  107,  -18
    3580, 0,0,0,0,   -4,   11,  127,  -30
    3595, 0,0,0,0,   -3,   10,  127,  -30
    3612, 0,0,0,0,   -3,   11,  127,  -29
    3627, 0,0,0,0,   -3,    9,  127,  -30
    3643, 0,0,0,0,   -3,   11,  127,  -30
    3658, 0,0,0,0,   -4,    9,  124,  -31
    3673, 0,0,0,0,   -4,    9,  103,  -32
    3689, 0,0,0,0,   -4,    9,   75,  -31
    3705, 0,0,0,0,   -3,    1,   47,  -30
    3720, 0,0,0,0,   -4,   -9,   -9,  -16
    3737, 0,0,0,0,   -4,   -9,   -8,  -10
    3752, 0,0,0,0,   -3,   -8,   -8,  -11
    3768, 0,0,0,0,   -5,   -3,  -12,  -13
    3783, 0,0,0,0,   -4,   -2,  -16,  -12
    3798, 0,0,0,0,   -4,   -7,  -13,   -8
    3814, 0,0,0,0,   -4,   -9,  -11,   -8
    3830, 0,0,0,0,   -3,   -9,   -9,   -9
    3845, 0,0,0,0,   -4,   -1,   15,   -1
    3860, 0,0,0,0,   -4,   -8,    9,   -5
    3875, 0,0,0,0,   -4,    1,   37,   -6
    3891, 0,0,0,0,   -4,    7,   69,   -7
    3905, 0,0,0,0,   -4,    9,  104,   -9
    3921, 0,0,0,0,   -4,   10,  124,  -10
    3937, 0,0,0,0,   -4,   10,  125,  -10
    3953, 0,0,0,0,   -4,   11,  127,  -11
    3968, 0,0,0,0,   -3,   11,  127,  -10
    3984, 0,0,0,0,   -4,   11,  127,   -9
    4000, 0,0,0,0,   -3,   11,  127,   -9
    4015, 0,0,0,0,   -4,   11,  127,   -9
    4031, 0,0,0,0,   -4,   11,  127,   -9
    4046, 0,0,0,0,   -3,    9,  127,   -9
    4062, 0,0,0,0,   -3,   10,  127,  -10
    4077, 0,0,0,0,   -4,    9,  127,  -12
    4093, 0,0,0,0,   -4,   11,  127,  -11
    4109, 0,0,0,0,   -3,   10,  116,  -12
    4124, 0,0,0,0,   -4,    0,   18,   -8
    4140, 0,0,0,0,   -5,   -2,    3,   -4
    4155, 0,0,0,0,   -4,    0,    5,   -3
    4170, 0,0,0,0,   -4,   -1,    3,    0
    4186, 0,0,0,0,   -4,   -8,    5,   -2
    4201, 0,0,0,0,   -4,    0,   29,    2
    4217, 0,0,0,0,   -4,    0,   42,   -3
    4233, 0,0,0,0,   -4,    8,   57,   -5
    4249, 0,0,0,0,   -4,    9,  104,   -7
    4264, 0,0,0,0,   -4,   10,  127,  -10
    4279, 0,0,0,0,   -4,   11,  127,   -8
    4295, 0,0,0,0,   -4,   11,  127,   -7
    4311, 0,0,0,0,   -3,   10,  127,   -8
    4327, 0,0,0,0,   -3,   10,  127,   -9
    4342, 0,0,0,0,   -3,    9,  127,   -8
    4358, 0,0,0,0,   -3,   10,  127,   -8
    4373, 0,0,0,0,   -3,   10,  127,   -8
    4389, 0,0,0,0,   -3,    9,  123,   -8
    4404, 0,0,0,0,   -4,    9,  101,   -8
    4419, 0,0,0,0,   -4,    7,   77,   -8
    4435, 0,0,0,0,   -3,    0,   19,   -4
    4450, 0,0,0,0,   -4,    0,   17,    1
    4466, 0,0,0,0,   -4,    0,    6,   -4
    4481, 0,0,0,0,   -4,    1,    6,   -4
    4496, 0,0,0,0,   -4,    0,    7,   -3
    4512, 0,0,0,0,   -3,    0,    7,    4
    4527, 0,0,0,0,   -5,   -1,    6,   -3
    4542, 0,0,0,0,   -4,   -8,    7,   -2
    4558, 0,0,0,0,   -4,    0,   32,    6
    4572, 0,0,0,0,   -4,    1,   40,   -3
    4588, 0,0,0,0,   -4,    0,   49,   -3
    4603, 0,0,0,0,   -4,    8,   60,   -2
    4619, 0,0,0,0,   -4,    8,   73,   -4
    4635, 0,0,0,0,   -4,   10,  125,   -8
    4651, 0,0,0,0,   -4,   11,  127,   -6
    4667, 0,0,0,0,   -5,    9,  127,   -3
    4682, 0,0,0,0,   -4,   10,  127,   -3
    4698, 0,0,0,0,   -4,   10,  127,   -1
    4713, 0,0,0,0,   -3,   10,  127,   -4
    4728, 0,0,0,0,   -4,   10,  127,   -4
    4744, 0,0,0,0,   -4,    9,  127,   -6
    4759, 0,0,0,0,   -4,    9,  104,   -6
    4774, 0,0,0,0,   -4,    9,   78,   -7
    4789, 0,0,0,0,   -4,    0,   21,   -1
    4805, 0,0,0,0,   -4,    0,   17,    1
    4820, 0,0,0,0,   -6,   -2,   15,   -2
    4835, 0,0,0,0,   -3,    0,    5,   -2
    4851, 0,0,0,0,   -3,   -6,    3,   -4
    4867, 0,0,0,0,   -4,    0,    4,    6
    4883, 0,0,0,0,   -4,    0,    3,    5
    4898, 0,0,0,0,   -4,    1,   49,   -3
    4914, 0,0,0,0,   -4,    8,   78,    0
    4929, 0,0,0,0,   -4,    8,   84,    6
    4946, 0,0,0,0,   -4,   10,  118,    4
    4962, 0,0,0,0,   -4,   11,  127,    6
    4978, 0,0,0,0,   -4,    9,  127,    7
    4993, 0,0,0,0,   -4,   10,  127,    6
    5009, 0,0,0,0,   -4,   10,  127,    6
    5024, 0,0,0,0,   -4,   10,  127,    7
    5040, 0,0,0,0,   -4,    9,  127,    6
    5055, 0,0,0,0,   -3,   12,  127,    6
    5071, 0,0,0,0,   -4,   10,  127,    7
    5088, 0,0,0,0,   -4,   10,  117,    6
    5103, 0,0,0,0,   -3,   10,   95,    5
    5119, 0,0,0,0,   -4,    8,   75,    5
    5134, 0,0,0,0,   -3,    1,   43,    4
    5150, 0,0,0,0,   -4,    0,    6,   -1
    5166, 0,0,0,0,   -3,    1,    5,    4
    5182, 0,0,0,0,   -4,    0,    3,    5
    5198, 0,0,0,0,   -4,    0,    4,    4
    5213, 0,0,0,0,   -4,   -9,    5,   -1
    5229, 0,0,0,0,   -4,   -9,    1,    0
    5245, 0,0,0,0,   -3,    0,    3,    5
    5260, 0,0,0,0,   -4,   -8,    3,   -1
    5277, 0,0,0,0,   -3,   -8,   -1,    5
    5292, 0,0,0,0,   -3,    0,    2,    5
    5308, 0,0,0,0,   -4,   -5,    4,   -3
    5324, 0,0,0,0,   -4,   -2,    3,    4
    5339, 0,0,0,0,   -3,    0,    5,    5
    5354, 0,0,0,0,   -3,    1,   50,    6
    5370, 0,0,0,0,   -4,    8,   98,    7
    5385, 0,0,0,0,   -4,    9,  114,    6
    5401, 0,0,0,0,   -4,   11,  127,    7
    5417, 0,0,0,0,   -4,   10,  127,    8
    5433, 0,0,0,0,   -4,   10,  127,    7
    5449, 0,0,0,0,   -4,   10,  124,    0
    5464, 0,0,0,0,   -4,    0,   58,   -2
    5479, 0,0,0,0,   -4,    1,   22,   -5
    5495, 0,0,0,0,   -3,   -8,   -8,    1
    5511, 0,0,0,0,   -4,   -4,   -9,   -3
    5527, 0,0,0,0,   -4,   -8,    1,   -2
    5542, 0,0,0,0,   -4,   -5,   -7,   -2
    5558, 0,0,0,0,   -4,   -9,    3,   -4
    5574, 0,0,0,0,   -4,   -1,   -5,    0
    5589, 0,0,0,0,   -3,    0,    2,    0
    5604, 0,0,0,0,   -4,    0,   30,   -2
    5619, 0,0,0,0,   -4,    8,   90,    0
    5634, 0,0,0,0,   -3,    9,  103,    3
    5650, 0,0,0,0,   -4,   10,  125,    3
    5666, 0,0,0,0,   -6,    9,  127,   -2
    5682, 0,0,0,0,   -4,   10,  127,    0
    5698, 0,0,0,0,   -3,   10,  127,    4
    5713, 0,0,0,0,   -4,   10,  127,    5
    5728, 0,0,0,0,   -4,   11,  127,    5
    5745, 0,0,0,0,   -4,   10,  127,    4
    5760, 0,0,0,0,   -4,    9,  127,   -2
    5776, 0,0,0,0,   -4,   10,  127,   -4
    5795, 0,0,0,0,   -4,    9,  101,   -3
    5808, 0,0,0,0,   -4,    9,   61,   -5
    5823, 0,0,0,0,   -4,    1,   27,   -4
    5839, 0,0,0,0,   -3,    0,    4,   -5
    5855, 0,0,0,0,   -4,   -8,    5,   -3
    5870, 0,0,0,0,   -4,   -2,   -7,   -4
    5885, 0,0,0,0,   -4,   -3,    1,   -2
    5901, 0,0,0,0,   -4,   -9,   -7,   -3
    5917, 0,0,0,0,   -4,   -9,   -5,   -3
    5933, 0,0,0,0,   -3,   -9,   -8,   -2
    5948, 0,0,0,0,   -3,   -9,   -4,   -2
    5965, 0,0,0,0,   -4,    0,    4,   -1
    5980, 0,0,0,0,   -4,    0,    4,   -2
    5995, 0,0,0,0,   -4,    0,   17,   -4
    6011, 0,0,0,0,   -4,    1,   19,   -4
    6028, 0,0,0,0,   -4,   10,  127,   -7
    6043, 0,0,0,0,   -3,    9,  127,   -5
    6058, 0,0,0,0,   -4,   10,  127,   -4
    6074, 0,0,0,0,   -4,   11,  127,   -5
    6089, 0,0,0,0,   -4,   10,  124,   -7
    6105, 0,0,0,0,   -3,    8,  104,   -6
    6121, 0,0,0,0,   -4,    8,   86,   -6
    6137, 0,0,0,0,   -4,    8,   59,   -7
    6152, 0,0,0,0,   -3,    1,   28,    0
    6168, 0,0,0,0,   -4,   -1,    4,   -3
    6184, 0,0,0,0,   -3,   -6,   -8,   -4
    6199, 0,0,0,0,   -3,   -4,    3,   -4
    6215, 0,0,0,0,   -4,    0,    3,    0
    6230, 0,0,0,0,   -3,   -8,   -1,    1
    6246, 0,0,0,0,   -4,   -8,   -4,    2
    6262, 0,0,0,0,   -4,    0,    5,    4
    6277, 0,0,0,0,   -4,    1,   20,    6
    6294, 0,0,0,0,   -3,    1,   57,    5
    6309, 0,0,0,0,   -4,    9,   99,    6
    6324, 0,0,0,0,   -4,   11,  127,   16
    6340, 0,0,0,0,   -3,   11,  127,   16
    6355, 0,0,0,0,   -3,   10,  127,   10
    6371, 0,0,0,0,   -4,   11,  127,   17
    6386, 0,0,0,0,   -3,   11,  127,   16
    6401, 0,0,0,0,   -4,   11,  127,   16
    6417, 0,0,0,0,   -5,   10,  127,   10
    6432, 0,0,0,0,   -4,   10,  105,   10
    6448, 0,0,0,0,   -4,    8,   60,   19
    6463, 0,0,0,0,   -4,    1,   49,   12
    6479, 0,0,0,0,   -4,    0,   30,   11
    6494, 0,0,0,0,   -3,    0,   22,    8
    6509, 0,0,0,0,   -4,    0,   13,    9
    6525, 0,0,0,0,   -4,    0,   14,    5
    6539, 0,0,0,0,   -5,   -4,   -7,   -3
    6555, 0,0,0,0,   -4,   -8,   -8,   -1
    6571, 0,0,0,0,   -4,   -9,  -14,   -3
    6586, 0,0,0,0,   -4,   -9,  -12,    0
    6602, 0,0,0,0,   -4,   -9,  -15,   -1
    6618, 0,0,0,0,   -4,   -6,  -13,   -4
    6633, 0,0,0,0,   -4,   -9,  -17,   -1
    6648, 0,0,0,0,   -4,    0,    4,   -4
    6664, 0,0,0,0,   -4,    8,   78,   -3
    6680, 0,0,0,0,   -4,    9,  102,    2
    6696, 0,0,0,0,   -4,   10,  115,    2
    6712, 0,0,0,0,   -4,   10,  127,    4
    6728, 0,0,0,0,   -4,   11,  127,    5
    6743, 0,0,0,0,   -4,    9,  127,   -4
    6758, 0,0,0,0,   -4,    9,  127,   -4
    6774, 0,0,0,0,   -3,   10,  113,   -4
    6789, 0,0,0,0,   -4,    8,   60,   -3
    6805, 0,0,0,0,   -3,   -4,    6,   -4
    6820, 0,0,0,0,   -4,    0,   17,    1
    6836, 0,0,0,0,   -4,   -1,    5,   -1
    6851, 0,0,0,0,   -4,   -8,   -7,   -4
    6866, 0,0,0,0,   -4,   -9,  -14,   -4
    6881, 0,0,0,0,   -5,   -2,  -12,   -3
    6897, 0,0,0,0,   -4,   -9,  -10,   -4
    6912, 0,0,0,0,   -4,   -9,   -8,   -4
    6928, 0,0,0,0,   -4,   -4,    3,   -4
    6944, 0,0,0,0,   -4,    0,   19,    0
    6959, 0,0,0,0,   -3,    1,   54,   -2
    6974, 0,0,0,0,   -3,    9,   90,    0
    6990, 0,0,0,0,   -4,    9,  126,    1
    7006, 0,0,0,0,   -3,   10,  127,    1
    7021, 0,0,0,0,   -4,   11,  127,    1
    7037, 0,0,0,0,   -3,   11,  127,   -4
    7053, 0,0,0,0,   -5,    9,  127,   -3
    7069, 0,0,0,0,   -3,   10,  127,   -4
    7084, 0,0,0,0,   -3,   10,  127,   -5
    7100, 0,0,0,0,   -4,   10,  118,   -4
    7116, 0,0,0,0,   -4,    9,   96,   -1
    7132, 0,0,0,0,   -4,    9,   87,   -4
    7148, 0,0,0,0,   -4,    9,   77,   -4
    7163, 0,0,0,0,   -4,    9,   72,   -1
    7178, 0,0,0,0,   -4,    1,   59,   -4
    7194, 0,0,0,0,   -4,    1,   55,   -3
    7209, 0,0,0,0,   -4,   -9,   -8,    1
    7224, 0,0,0,0,   -4,   -9,  -10,   -4
    7240, 0,0,0,0,   -4,   -9,   -8,   -3
    7256, 0,0,0,0,   -4,   -9,  -10,   -4
    7271, 0,0,0,0,   -4,   -9,   -4,   -1
    7287, 0,0,0,0,   -4,    1,   15,   -4
    7302, 0,0,0,0,   -4,    8,   59,   -5
    7318, 0,0,0,0,   -4,    9,  102,   -7
    7332, 0,0,0,0,   -4,   11,  127,   -8
    7348, 0,0,0,0,   -4,   11,  127,   -8
    7364, 0,0,0,0,   -4,   11,  127,   -8
    7380, 0,0,0,0,   -4,   11,  127,   -8
    7395, 0,0,0,0,   -4,   11,  127,   -9
    7411, 0,0,0,0,   -4,   11,  127,   -8
    7427, 0,0,0,0,   -4,   11,  127,   -8
    7442, 0,0,0,0,   -4,    9,  116,   -9
    7458, 0,0,0,0,   -4,    9,   95,   -8
    7473, 0,0,0,0,   -4,    9,   72,   -8
    7489, 0,0,0,0,   -4,    1,   42,   -8
    7505, 0,0,0,0,   -3,   -1,   -9,   -7
    7520, 0,0,0,0,   -3,   -8,   -8,   -8
    7536, 0,0,0,0,   -4,   -4,   -9,  -12
    7551, 0,0,0,0,   -3,   -9,   -6,   -6
    7566, 0,0,0,0,   -3,   -7,   -8,   -5
    7582, 0,0,0,0,   -3,    0,    0,   -4
    7598, 0,0,0,0,   -4,   -9,   -1,   -5
    7614, 0,0,0,0,   -3,    0,   20,   -3
    7629, 0,0,0,0,   -4,    0,   29,   -3
    7645, 0,0,0,0,   -4,    9,   70,   -4
    7660, 0,0,0,0,   -4,    7,   90,   -7
    7675, 0,0,0,0,   -3,    9,  126,   -8
    7691, 0,0,0,0,   -4,   11,  127,   -9
    7707, 0,0,0,0,   -5,   10,  127,  -10
    7722, 0,0,0,0,   -4,   11,  127,   -9
    7737, 0,0,0,0,   -3,   10,  127,  -11
    7753, 0,0,0,0,   -4,   10,  127,  -10
    7769, 0,0,0,0,   -3,   11,  127,  -10
    7785, 0,0,0,0,   -5,   10,  127,  -13
    7801, 0,0,0,0,   -3,   11,  127,  -10
    7817, 0,0,0,0,   -3,   10,  127,  -10
    7833, 0,0,0,0,   -3,    9,  114,  -10
    7849, 0,0,0,0,   -3,    9,   88,  -12
    7864, 0,0,0,0,   -4,    2,   79,  -11
    7879, 0,0,0,0,   -4,    9,   70,  -10
    7894, 0,0,0,0,   -3,    3,   61,  -10
    7910, 0,0,0,0,   -5,    1,   56,  -10
    7926, 0,0,0,0,   -3,    2,   52,  -10
    7941, 0,0,0,0,   -3,   -9,    3,   -7
    7957, 0,0,0,0,   -4,   -9,  -13,   -7
    7972, 0,0,0,0,   -4,   -9,   -7,   -7
    7988, 0,0,0,0,   -3,    1,    5,   -7
    8002, 0,0,0,0,   -4,   -9,   -8,   -6
    8017, 0,0,0,0,   -4,    1,    3,   -5
    8033, 0,0,0,0,   -4,    8,   78,   -2
    8051, 0,0,0,0,   -3,   11,  127,   -3
    8063, 0,0,0,0,   -4,   10,  127,    3
    8079, 0,0,0,0,   -4,   11,  127,    6
    8094, 0,0,0,0,   -4,   10,  127,    7
    8110, 0,0,0,0,   -3,   10,  127,    6
    8125, 0,0,0,0,   -4,    9,  123,    9
    8140, 0,0,0,0,   -4,   10,  101,   14
    8155, 0,0,0,0,   -4,    9,   76,   14
    8171, 0,0,0,0,   -4,    0,   42,   15
    8187, 0,0,0,0,   -4,   -2,   16,    7
    8202, 0,0,0,0,   -3,   -8,    1,   -3
    8218, 0,0,0,0,   -4,   -9,  -13,   -3
    8233, 0,0,0,0,   -4,   -9,  -16,   -3
    8248, 0,0,0,0,   -4,   -9,  -14,   -3
    8264, 0,0,0,0,   -3,   -9,  -16,   -4
    8279, 0,0,0,0,   -3,   -9,   -9,    1
    8295, 0,0,0,0,   -3,   -9,    1,   -2
    8310, 0,0,0,0,   -4,    0,    1,    1
    8325, 0,0,0,0,   -3,   -2,    4,   -4
    8340, 0,0,0,0,   -4,    0,   19,   -2
    8357, 0,0,0,0,   -4,    1,   42,    6
    8372, 0,0,0,0,   -4,    8,   75,    6
    8388, 0,0,0,0,   -6,    8,  120,   -2
    8404, 0,0,0,0,   -4,   11,  127,   -3
    8420, 0,0,0,0,   -4,   11,  127,   -4
    8435, 0,0,0,0,   -4,   11,  127,    2
    8451, 0,0,0,0,   -4,   11,  127,    2
    8467, 0,0,0,0,   -4,   12,  127,    2
    8483, 0,0,0,0,   -4,   10,  127,    2
    8499, 0,0,0,0,   -4,   10,  127,   -2
    8514, 0,0,0,0,   -3,   10,  125,   -8
    8529, 0,0,0,0,   -3,    9,  101,   -7
    8544, 0,0,0,0,   -4,   -2,    5,   -3
    8560, 0,0,0,0,   -4,   -9,   -9,   -4
    8575, 0,0,0,0,   -3,   -8,  -11,   -5
    8590, 0,0,0,0,   -4,   -9,  -10,    0
    8606, 0,0,0,0,   -4,   -1,  -10,    0
    8622, 0,0,0,0,   -3,   -8,  -14,   -5
    8638, 0,0,0,0,   -4,   -9,   -8,   -4
    8652, 0,0,0,0,   -4,   -9,   -6,   -3
    8668, 0,0,0,0,   -3,   -5,    3,   -5
    8683, 0,0,0,0,   -4,    0,   16,    5
    8699, 0,0,0,0,   -4,    0,   20,   -1
    8715, 0,0,0,0,   -4,    1,   43,    2
    8731, 0,0,0,0,   -4,    9,   72,    5
    8746, 0,0,0,0,   -4,    9,  105,   -2
    8762, 0,0,0,0,   -3,   10,  127,    2
    8777, 0,0,0,0,   -4,   10,  127,    4
    8793, 0,0,0,0,   -5,   10,  127,   -4
    8809, 0,0,0,0,   -4,   11,  127,   -3
    8824, 0,0,0,0,   -4,   10,  127,    3
    8839, 0,0,0,0,   -4,    9,  127,   -2
    8855, 0,0,0,0,   -4,   10,  127,   -3
    8870, 0,0,0,0,   -4,   10,  127,   -2
    8887, 0,0,0,0,   -3,    9,  113,   -5
    8902, 0,0,0,0,   -3,    8,   86,   -5
    8918, 0,0,0,0,   -4,    1,   13,    0
    8933, 0,0,0,0,   -4,    0,    5,   -3
    8949, 0,0,0,0,   -4,    0,    2,   -3
    8965, 0,0,0,0,   -4,   -2,    1,   -4
    8980, 0,0,0,0,   -3,   -8,   -8,   -1
    8996, 0,0,0,0,   -4,   -5,    0,   -3
    9011, 0,0,0,0,   -4,   -8,   -8,   -4
    9026, 0,0,0,0,   -3,   -8,   -7,   -4
    9042, 0,0,0,0,   -4,    0,    3,   -4
    9057, 0,0,0,0,   -3,    0,   17,   -5
    9073, 0,0,0,0,   -4,    0,   26,   -6
    9088, 0,0,0,0,   -4,    1,   42,   -8
    9103, 0,0,0,0,   -4,    0,   44,   -7
    9119, 0,0,0,0,   -5,    1,   58,   -9
    9135, 0,0,0,0,   -4,    9,  105,  -18
    9151, 0,0,0,0,   -4,    9,  124,  -20
    9166, 0,0,0,0,   -4,   10,  127,  -22
    9182, 0,0,0,0,   -4,    9,  127,  -29
    9198, 0,0,0,0,   -4,   10,  127,  -24
    9213, 0,0,0,0,   -4,    9,  127,  -27
    9229, 0,0,0,0,   -4,   10,  127,  -22
    9244, 0,0,0,0,   -4,   10,  127,  -26
    9260, 0,0,0,0,   -4,    8,  103,  -28
    9275, 0,0,0,0,   -4,    9,   76,  -24
    9292, 0,0,0,0,   -5,    1,   74,  -29
    9308, 0,0,0,0,   -4,    1,   31,  -29
    9323, 0,0,0,0,   -4,   -4,   -9,  -15
    9339, 0,0,0,0,   -4,   -9,  -10,   -8
    9354, 0,0,0,0,   -4,   -9,  -11,   -8
    9369, 0,0,0,0,   -3,    0,   -7,  -10
    9385, 0,0,0,0,   -4,    0,   16,    0
    9401, 0,0,0,0,   -4,    0,   25,    1
    9417, 0,0,0,0,   -5,    0,   31,   -3
    9432, 0,0,0,0,   -4,    1,   45,   -4
    9448, 0,0,0,0,   -4,    9,   79,   -8
    9463, 0,0,0,0,   -4,    9,  107,   -9
    9479, 0,0,0,0,   -3,   11,  127,  -12
    9494, 0,0,0,0,   -4,    9,  127,  -12
    9510, 0,0,0,0,   -4,   11,  127,  -11
    9526, 0,0,0,0,   -4,    9,  127,  -12
    9541, 0,0,0,0,   -4,   10,  127,  -10
    9557, 0,0,0,0,   -4,   10,  127,  -18
    9572, 0,0,0,0,   -3,   11,  127,  -20
    9588, 0,0,0,0,   -4,   11,  127,  -28
    9604, 0,0,0,0,   -4,   10,  117,  -23
    9619, 0,0,0,0,   -4,    8,   93,  -28
    9634, 0,0,0,0,   -3,    1,   32,  -21
    9650, 0,0,0,0,   -4,    0,   22,  -28
    9666, 0,0,0,0,   -3,    0,   18,  -19
    9681, 0,0,0,0,   -3,    1,   17,  -17
    9697, 0,0,0,0,   -4,    0,    6,   -9
    9713, 0,0,0,0,   -4,   -1,    3,   -9
    9728, 0,0,0,0,   -3,   -2,    4,  -14
    9743, 0,0,0,0,   -3,   -9,    3,   -4
    9758, 0,0,0,0,   -6,   -3,    5,   -4
    9774, 0,0,0,0,   -3,    0,    4,   -5
    9790, 0,0,0,0,   -4,   -2,    3,   -3
    9805, 0,0,0,0,   -3,    2,   34,   -9
    9820, 0,0,0,0,   -3,    9,   79,  -19
    9835, 0,0,0,0,   -5,   10,  127,  -30
    9851, 0,0,0,0,   -4,   10,  127,  -29
    9866, 0,0,0,0,   -4,   11,  127,  -30
    9881, 0,0,0,0,   -3,   10,  127,  -31
    9897, 0,0,0,0,   -4,   10,  127,  -30
    9913, 0,0,0,0,   -3,   11,  127,  -31
    9929, 0,0,0,0,   -5,    9,  127,  -31
    9945, 0,0,0,0,   -5,    9,  114,  -33
    9960, 0,0,0,0,   -4,    9,   79,  -32
    9976, 0,0,0,0,   -4,    0,   32,  -29
    9993, 0,0,0,0,   -4,   -8,    2,  -19
   10009, 0,0,0,0,   -4,   -9,   -7,  -19
   10024, 0,0,0,0,   -4,    0,   -9,  -12
   10040, 0,0,0,0,   -4,   -4,  -11,   -9
   10055, 0,0,0,0,   -3,   -8,  -13,   -8
   10070, 0,0,0,0,   -3,   -8,  -15,   -6
   10085, 0,0,0,0,   -3,   -9,   -7,   -4
   10101, 0,0,0,0,   -3,    1,   16,   -1
   10117, 0,0,0,0,   -3,    1,   20,   -4
   10132, 0,0,0,0,   -4,    1,   29,   -4
   10147, 0,0,0,0,   -4,    1,   59,   -8
   10163, 0,0,0,0,   -3,   10,   94,  -10
   10178, 0,0,0,0,   -4,   10,  127,  -14
   10194, 0,0,0,0,   -4,   11,  127,  -18
   10210, 0,0,0,0,   -4,   10,  127,  -18
   10225, 0,0,0,0,   -4,    9,  127,  -18
   10240, 0,0,0,0,   -4,   10,  127,  -18
   10256, 0,0,0,0,   -3,   11,  127,  -20
   10272, 0,0,0,0,   -4,   10,  127,  -17
   10288, 0,0,0,0,   -4,   10,  123,  -20
   10303, 0,0,0,0,   -3,    9,  105,  -20
   10318, 0,0,0,0,   -4,    8,   83,  -19
   10333, 0,0,0,0,   -4,    9,   77,  -19
   10349, 0,0,0,0,   -4,    8,   72,  -19
   10365, 0,0,0,0,   -4,    8,   68,  -20
   10380, 0,0,0,0,   -3,    2,   46,  -20
   10396, 0,0,0,0,   -4,    0,    3,   -5
   10412, 0,0,0,0,   -4,   -8,   -6,   -4
   10427, 0,0,0,0,   -4,   -8,   -7,   -4
   10442, 0,0,0,0,   -4,   -9,   -9,   -3
   10457, 0,0,0,0,   -4,   -9,   -9,   -2
   10473, 0,0,0,0,   -4,   -8,   -7,   -3
   10489, 0,0,0,0,   -4,    0,   -6,    0
   10504, 0,0,0,0,   -5,   -2,   -8,   -4
   10519, 0,0,0,0,   -4,   -8,    4,   -4
   10535, 0,0,0,0,   -3,    1,   26,   -5
   10550, 0,0,0,0,   -4,    1,   54,   -5
   10566, 0,0,0,0,   -4,    9,  105,   -9
   10582, 0,0,0,0,   -4,   11,  127,  -18
   10598, 0,0,0,0,   -3,   11,  127,  -18
   10613, 0,0,0,0,   -3,   11,  127,  -18
   10629, 0,0,0,0,   -5,    9,  127,  -19
   10644, 0,0,0,0,   -5,    9,  127,  -17
   10660, 0,0,0,0,   -3,   11,  127,  -19
   10675, 0,0,0,0,   -5,    9,  127,  -17
   10691, 0,0,0,0,   -3,    9,  127,  -20
   10707, 0,0,0,0,   -4,   10,  127,  -19
   10722, 0,0,0,0,   -3,   10,  124,  -21
   10737, 0,0,0,0,   -4,    9,   75,  -29
   10753, 0,0,0,0,   -4,    1,   46,  -29
   10768, 0,0,0,0,   -4,    1,   32,  -28
   10784, 0,0,0,0,   -4,    0,   14,  -19
   10800, 0,0,0,0,   -4,   -9,    1,  -19
   10816, 0,0,0,0,   -4,   -9,  -13,  -19
   10831, 0,0,0,0,   -5,   -2,  -11,  -18
   10846, 0,0,0,0,   -4,   -3,  -11,  -18
   10861, 0,0,0,0,   -4,   -9,  -15,  -18
   10879, 0,0,0,0,   -4,   -6,    1,   -9
   10893, 0,0,0,0,   -3,    0,   20,   -9
   10909, 0,0,0,0,   -4,    1,   59,  -17
   10925, 0,0,0,0,   -4,    9,  127,  -30
   10940, 0,0,0,0,   -4,   11,  127,  -30
   10955, 0,0,0,0,   -4,   10,  127,  -29
   10971, 0,0,0,0,   -4,   10,  127,  -29
   10986, 0,0,0,0,   -4,   10,  127,  -30
   11002, 0,0,0,0,   -4,   10,  127,  -29
   11018, 0,0,0,0,   -4,   11,  127,  -30
   11033, 0,0,0,0,   -4,   10,  127,  -29
   11048, 0,0,0,0,   -4,   10,  127,  -29
   11064, 0,0,0,0,   -4,    9,  127,  -29
   11080, 0,0,0,0,   -4,   10,  127,  -29
   11096, 0,0,0,0,   -4,   10,  127,  -29
   11111, 0,0,0,0,   -4,    0,   23,  -29
   11127, 0,0,0,0,   -4,   -1,  -10,   -9
   11142, 0,0,0,0,   -4,   -3,   -9,  -13
   11158, 0,0,0,0,   -4,   -9,  -16,   -9
   11173, 0,0,0,0,   -3,   -9,  -18,   -8
   11189, 0,0,0,0,   -4,   -9,  -10,   -8
   11204, 0,0,0,0,   -4,   -1,   -9,  -11
   11220, 0,0,0,0,   -3,    0,   -1,   -9
   11234, 0,0,0,0,   -3,    1,   17,   -8
   11250, 0,0,0,0,   -4,    0,   30,  -16
   11266, 0,0,0,0,   -4,    7,   58,  -20
   11281, 0,0,0,0,   -4,   10,  123,  -35
   11297, 0,0,0,0,   -3,   11,  127,  -37
   11311, 0,0,0,0,   -3,   11,  127,  -36
   11327, 0,0,0,0,   -4,    9,  127,  -37
   11342, 0,0,0,0,   -5,    9,  127,  -25
   11357, 0,0,0,0,   -4,   10,  127,  -20
   11373, 0,0,0,0,   -4,   10,  127,  -22
   11389, 0,0,0,0,   -4,   10,  127,  -21
   11405, 0,0,0,0,   -4,    9,  114,  -28
   11420, 0,0,0,0,   -4,    9,  103,  -29
   11436, 0,0,0,0,   -5,    9,   94,  -29
   11450, 0,0,0,0,   -4,    6,   69,  -29
   11466, 0,0,0,0,   -4,    0,   43,  -27
   11482, 0,0,0,0,   -4,    1,   19,  -30
   11497, 0,0,0,0,   -4,   -9,    3,  -19
   11513, 0,0,0,0,   -4,   -8,  -11,  -10
   11528, 0,0,0,0,   -4,   -9,  -13,   -7
   11543, 0,0,0,0,   -4,   -9,  -18,   -8
   11559, 0,0,0,0,   -4,   -9,  -11,   -6
   11574, 0,0,0,0,   -4,   -9,    2,   -3
   11590, 0,0,0,0,   -4,    1,    6,   -3
   11606, 0,0,0,0,   -4,    0,   13,    2
   11622, 0,0,0,0,   -4,    0,   16,   -2
   11637, 0,0,0,0,   -4,    1,   21,   -3
   11652, 0,0,0,0,   -3,    1,   29,    1
   11668, 0,0,0,0,   -3,    1,   37,    1
   11683, 0,0,0,0,   -5,    9,   78,   -3
   11699, 0,0,0,0,   -4,    9,  127,   -6
   11714, 0,0,0,0,   -5,   10,  127,   -6
   11730, 0,0,0,0,   -4,   11,  127,   -6
   11746, 0,0,0,0,   -4,   11,  127,   -7
   11761, 0,0,0,0,   -3,   11,  127,   -7
   11777, 0,0,0,0,   -4,   10,  127,   -6
   11794, 0,0,0,0,   -3,   10,  127,   -6
   11809, 0,0,0,0,   -3,   11,  127,   -7
   11825, 0,0,0,0,   -3,    9,  101,   -6
   11840, 0,0,0,0,   -4,    8,   75,   -6
   11855, 0,0,0,0,   -4,   -1,   -9,    1
   11870, 0,0,0,0,   -4,   -9,  -13,    1
   11886, 0,0,0,0,   -4,   -6,  -14,   -3
   11902, 0,0,0,0,   -4,   -8,  -13,   -3
   11916, 0,0,0,0,   -4,   -9,  -15,    2
   11932, 0,0,0,0,   -5,   -2,    2,   -2
   11947, 0,0,0,0,   -4,   -9,    4,   -2
   11963, 0,0,0,0,   -4,    0,    7,    2
   11978, 0,0,0,0,   -4,    0,   21,   -3
   11993, 0,0,0,0,   -4,    9,  127,   -9
   12009, 0,0,0,0,   -3,   11,  127,   -9
   12024, 0,0,0,0,   -4,   11,  127,   -9
   12040, 0,0,0,0,   -3,   11,  127,   -9
   12056, 0,0,0,0,   -3,   11,  127,   -9
   12070, 0,0,0,0,   -4,   11,  127,   -9
   12086, 0,0,0,0,   -4,   10,  127,   -9
   12102, 0,0,0,0,   -3,   10,  127,   -8
   12117, 0,0,0,0,   -3,    9,  120,   -8
   12133, 0,0,0,0,   -4,    9,  118,   -8
   12148, 0,0,0,0,   -3,    9,  114,   -8
   12164, 0,0,0,0,   -3,    9,   83,  -10
   12180, 0,0,0,0,   -4,    1,   53,   -8
   12195, 0,0,0,0,   -3,   -9,   -9,   -7
   12211, 0,0,0,0,   -4,    0,    5,    0
   12227, 0,0,0,0,   -4,   -6,  -12,   -2
   12243, 0,0,0,0,   -4,   -9,   -9,   -4
   12258, 0,0,0,0,   -4,   -9,  -10,   -4
   12274, 0,0,0,0,   -5,   -3,  -11,   -2
   12289, 0,0,0,0,   -4,   -9,  -10,    1
   12305, 0,0,0,0,   -4,   -7,   -4,   -3
   12320, 0,0,0,0,   -4,   -4,   -8,   -2
   12335, 0,0,0,0,   -4,    0,    4,    1
   12350, 0,0,0,0,   -4,    0,    3,    3
   12366, 0,0,0,0,   -4,    1,    4,    3
   12382, 0,0,0,0,   -4,   -1,    8,    1
   12398, 0,0,0,0,   -4,    8,   61,    2
   12413, 0,0,0,0,   -3,   12,  127,   -7
   12429, 0,0,0,0,   -3,   11,  127,   -6
   12444, 0,0,0,0,   -4,   11,  127,   -6
   12459, 0,0,0,0,   -3,   10,  127,   -8
   12474, 0,0,0,0,   -3,   11,  127,   -9
   12490, 0,0,0,0,   -4,    9,  124,   -8
   12505, 0,0,0,0,   -4,    9,  113,   -8
   12521, 0,0,0,0,   -4,    9,   89,   -7
   12537, 0,0,0,0,   -6,    6,   70,   -6
   12552, 0,0,0,0,   -3,    1,   43,   -8
   12569, 0,0,0,0,   -4,    1,   17,   -4
   12584, 0,0,0,0,   -5,   -3,    4,   -2
   12599, 0,0,0,0,   -4,   -1,    3,   -2
   12614, 0,0,0,0,   -4,    0,    3,    0
   12630, 0,0,0,0,   -4,   -4,    1,   -3
   12646, 0,0,0,0,   -4,   -9,   -5,    0
   12662, 0,0,0,0,   -4,   -9,    4,   -2
   12678, 0,0,0,0,   -3,    1,    9,    0
   12693, 0,0,0,0,   -4,    1,   44,   -7
   12709, 0,0,0,0,   -4,    9,  107,  -20
   12725, 0,0,0,0,   -4,    9,  124,  -29
   12740, 0,0,0,0,   -3,   11,  127,  -30
   12755, 0,0,0,0,   -3,   11,  127,  -25
   12771, 0,0,0,0,   -3,   10,  127,  -30
   12787, 0,0,0,0,   -3,   11,  127,  -23
   12801, 0,0,0,0,   -4,   10,  127,  -21
   12817, 0,0,0,0,   -4,   10,  127,  -20
   12832, 0,0,0,0,   -5,    9,  127,  -20
   12848, 0,0,0,0,   -4,   10,  127,  -19
   12863, 0,0,0,0,   -3,   10,  127,  -29
   12879, 0,0,0,0,   -4,    9,  112,  -29
   12895, 0,0,0,0,   -3,    9,  111,  -29
   12911, 0,0,0,0,   -4,    9,  103,  -30
   12926, 0,0,0,0,   -4,    8,   79,  -28
   12942, 0,0,0,0,   -4,    8,   61,  -24
   12958, 0,0,0,0,   -4,    1,   58,  -29
   12973, 0,0,0,0,   -3,    1,   57,  -29
   12988, 0,0,0,0,   -3,    1,   43,  -29
   13003, 0,0,0,0,   -4,    1,   38,  -29
   13018, 0,0,0,0,   -4,    0,   18,  -28
   13034, 0,0,0,0,   -4,   -9,   -7,   -8
   13049, 0,0,0,0,   -4,   -9,  -11,   -9
   13064, 0,0,0,0,   -4,   -6,  -11,   -8
   13080, 0,0,0,0,   -4,   -9,  -10,   -9
   13096, 0,0,0,0,   -4,    0,    2,   -9
   13112, 0,0,0,0,   -4,    0,   44,  -19
   13127, 0,0,0,0,   -4,   10,  127,  -22
   13143, 0,0,0,0,   -4,    9,  127,  -20
   13159, 0,0,0,0,   -4,   10,  127,  -17
   13174, 0,0,0,0,   -5,    9,  127,  -10
   13190, 0,0,0,0,   -4,   10,  127,  -11
   13206, 0,0,0,0,   -4,   10,  127,  -10
   13221, 0,0,0,0,   -4,    9,  127,  -12
   13237, 0,0,0,0,   -3,   11,  127,  -19
   13253, 0,0,0,0,   -4,   10,  127,  -18
   13268, 0,0,0,0,   -4,    9,  106,  -17
   13283, 0,0,0,0,   -4,    8,   86,  -18
   13298, 0,0,0,0,   -4,    1,   58,  -11
   13314, 0,0,0,0,   -4,    1,   17,   -4
   13329, 0,0,0,0,   -4,    0,    4,   -2
   13344, 0,0,0,0,   -4,    0,    2,   -3
   13360, 0,0,0,0,   -4,   -9,   -7,   -2
   13375, 0,0,0,0,   -4,   -9,   -5,    5
   13390, 0,0,0,0,   -4,   -1,    1,    2
   13405, 0,0,0,0,   -4,    0,   21,    4
   13421, 0,0,0,0,   -3,    1,   28,   -4
   13436, 0,0,0,0,   -4,    0,   34,    6
   13451, 0,0,0,0,   -4,    8,   88,    1
   13467, 0,0,0,0,   -4,   10,  127,   -8
   13482, 0,0,0,0,   -4,    9,  127,   -7
   13497, 0,0,0,0,   -4,   11,  127,   -5
   13513, 0,0,0,0,   -3,   10,  127,   -6
   13528, 0,0,0,0,   -4,   11,  127,   -4
   13544, 0,0,0,0,   -3,   12,  127,   -6
   13560, 0,0,0,0,   -3,   10,  127,   -5
   13575, 0,0,0,0,   -4,   10,  127,   -4
   13591, 0,0,0,0,   -4,   11,  127,   -5
   13605, 0,0,0,0,   -3,   10,  127,   -6
   13620, 0,0,0,0,   -4,   11,  127,   -6
   13636, 0,0,0,0,   -4,   12,  127,   -7
   13651, 0,0,0,0,   -4,    9,  127,   -5
   13667, 0,0,0,0,   -3,   10,  127,   -7
   13683, 0,0,0,0,   -4,   10,  123,   -7
   13699, 0,0,0,0,   -4,    0,   15,   -2
   13715, 0,0,0,0,   -4,   -6,    2,   -3
   13730, 0,0,0,0,   -3,    0,    3,    1
   13745, 0,0,0,0,   -4,   -9,   -9,    2
   13762, 0,0,0,0,   -4,   -9,   -9,   -2
   13777, 0,0,0,0,   -4,   -1,   -7,    0
   13793, 0,0,0,0,   -3,    0,    2,   -3
   13809, 0,0,0,0,   -4,    0,   17,   -2
   13825, 0,0,0,0,   -4,    1,   44,   -2
   13840, 0,0,0,0,   -5,    9,  109,   -9
   13856, 0,0,0,0,   -4,    9,  127,  -17
   13872, 0,0,0,0,   -4,   10,  127,   -8
   13888, 0,0,0,0,   -4,   10,  127,   -8
   13903, 0,0,0,0,   -4,   11,  127,   -7
   13918, 0,0,0,0,   -4,   10,  127,   -9
   13934, 0,0,0,0,   -4,   11,  127,   -7
   13950, 0,0,0,0,   -4,   11,  127,   -8
   13965, 0,0,0,0,   -4,   11,  127,   -8
   13980, 0,0,0,0,   -4,   10,  127,  -10
   13995, 0,0,0,0,   -3,   10,  108,  -11
   14011, 0,0,0,0,   -3,    8,   78,  -10
   14026, 0,0,0,0,   -3,    1,   58,  -10
   14042, 0,0,0,0,   -3,    1,    4,   -1
   14057, 0,0,0,0,   -5,   -2,   -9,   -3
   14073, 0,0,0,0,   -4,   -8,  -11,   -4
   14089, 0,0,0,0,   -4,   -6,  -11,   -4
   14104, 0,0,0,0,   -3,   -9,  -12,   -3
   14120, 0,0,0,0,   -4,   -9,   -2,    3
   14135, 0,0,0,0,   -3,    0,    2,   -3
   14151, 0,0,0,0,   -4,   -5,    1,   -2
   14167, 0,0,0,0,   -3,   -1,    3,    3
   14182, 0,0,0,0,   -3,    0,    6,   -4
   14197, 0,0,0,0,   -5,   -1,   15,   -2
   14213, 0,0,0,0,   -4,    1,   22,    5
   14228, 0,0,0,0,   -4,    1,   59,    5
   14244, 0,0,0,0,   -4,    9,   85,    2
   14259, 0,0,0,0,   -5,    9,  105,   -4
   14275, 0,0,0,0,   -4,    9,  115,   -5
   14290, 0,0,0,0,   -4,   10,  120,   -4
   14305, 0,0,0,0,   -4,    9,  127,    2
   14320, 0,0,0,0,   -4,   11,  127,    1
   14336, 0,0,0,0,   -6,    9,  127,   -2
   14351, 0,0,0,0,   -4,   11,  127,    1
   14366, 0,0,0,0,   -4,   10,  127,    0
   14381, 0,0,0,0,   -4,   10,  127,    1
   14397, 0,0,0,0,   -6,    8,   88,   -3
   14412, 0,0,0,0,   -4,    0,    5,    8
   14427, 0,0,0,0,   -4,    0,   -6,    3
   14444, 0,0,0,0,   -4,   -4,    1,   -2
   14459, 0,0,0,0,   -4,    0,    0,    5
   14475, 0,0,0,0,   -4,    0,    4,    6
   14491, 0,0,0,0,   -4,   -8,    1,    4
   14507, 0,0,0,0,   -5,   -3,    2,   -2
   14523, 0,0,0,0,   -4,    0,    3,    5
   14538, 0,0,0,0,   -4,    1,   18,    6
   14554, 0,0,0,0,   -4,    0,   43,    4
   14569, 0,0,0,0,   -4,    9,   88,   -4
   14585, 0,0,0,0,   -5,   10,  127,   -4
   14600, 0,0,0,0,   -4,    9,  127,   -3
   14615, 0,0,0,0,   -4,   11,  127,   -3
   14631, 0,0,0,0,   -3,   10,  127,   -3
   14646, 0,0,0,0,   -4,   11,  127,   -3
   14663, 0,0,0,0,   -4,   10,  127,   -3
   14678, 0,0,0,0,   -4,   10,  127,   -3
   14693, 0,0,0,0,   -4,   10,  127,   -3
   14709, 0,0,0,0,   -4,    1,   41,   -1
   14725, 0,0,0,0,   -4,    1,   39,    6
   14740, 0,0,0,0,   -4,    2,   25,    6
   14757, 0,0,0,0,   -3,    1,    8,    5
   14773, 0,0,0,0,   -4,   -5,    3,   -4
   14788, 0,0,0,0,   -4,   -9,   -8,    3
   14803, 0,0,0,0,   -4,   -9,   -6,   -4
   14819, 0,0,0,0,   -4,   -9,    2,   -3
   14834, 0,0,0,0,   -5,   -2,    3,   -2
   14850, 0,0,0,0,   -4,    0,    4,    3
   14866, 0,0,0,0,   -4,   -4,    5,   -3
   14881, 0,0,0,0,   -5,   -2,   -9,   -3
   14896, 0,0,0,0,   -4,   -8,    4,   -3
   14911, 0,0,0,0,   -4,    1,   12,   -2
   14927, 0,0,0,0,   -4,    1,   22,   -2
   14943, 0,0,0,0,   -4,    9,   91,   -7
   14959, 0,0,0,0,   -4,    9,   92,   -8
   14975, 0,0,0,0,   -4,   11,  127,   -7
   14990, 0,0,0,0,   -4,   11,  127,    0
   15006, 0,0,0,0,   -3,   11,  127,    0
   15022, 0,0,0,0,   -3,   11,  127,    3
   15038, 0,0,0,0,   -5,    9,  127,    5
   15054, 0,0,0,0,   -3,   10,  127,    5
   15069, 0,0,0,0,   -4,    9,  113,   15
   15085, 0,0,0,0,   -3,    9,   83,   10
   15101, 0,0,0,0,   -3,    8,   67,   17
   15117, 0,0,0,0,   -4,    1,   35,   17
   15133, 0,0,0,0,   -4,    0,   16,    8
   15149, 0,0,0,0,   -4,   -1,    6,    6
   15165, 0,0,0,0,   -4,   -5,    6,    6
   15180, 0,0,0,0,   -3,   -9,   -8,    6
   15196, 0,0,0,0,   -4,   -1,   -7,    6
   15213, 0,0,0,0,   -3,   -8,   -5,    5
   15227, 0,0,0,0,   -4,    0,    3,    4
   15244, 0,0,0,0,   -4,   -1,    4,    5
   15259, 0,0,0,0,   -3,    1,   33,    6
   15274, 0,0,0,0,   -3,    9,   82,   -4
   15289, 0,0,0,0,   -4,    9,  127,   -4
   15305, 0,0,0,0,   -4,   10,  127,   -5
   15322, 0,0,0,0,   -4,   10,  127,   -4
   15336, 0,0,0,0,   -4,   11,  127,   -4
   15351, 0,0,0,0,   -4,    9,  127,   -3
   15367, 0,0,0,0,   -4,   10,  127,   -3
   15382, 0,0,0,0,   -4,   11,  127,   -4
   15398, 0,0,0,0,   -4,   10,  127,   -3
   15413, 0,0,0,0,   -4,   10,  117,    5
   15428, 0,0,0,0,   -3,    9,   77,   16
   15444, 0,0,0,0,   -4,    8,   59,   17
   15459, 0,0,0,0,   -4,    1,   53,   17
   15475, 0,0,0,0,   -4,    0,   42,   17
   15490, 0,0,0,0,   -4,    0,   34,   17
   15506, 0,0,0,0,   -4,    1,   11,   17
   15521, 0,0,0,0,   -4,   -3,    5,   -1
   15537, 0,0,0,0,   -4,    0,    3,    8
   15552, 0,0,0,0,   -5,   -2,    5,    7
   15567, 0,0,0,0,   -4,   -9,   -8,    7
   15582, 0,0,0,0,   -4,   -5,   -8,    5
   15598, 0,0,0,0,   -4,   -1,    1,    4
   15614, 0,0,0,0,   -3,   -8,   -5,    4
   15630, 0,0,0,0,   -4,   -6,    2,    5
   15646, 0,0,0,0,   -4,    0,   52,   -2
   15661, 0,0,0,0,   -4,    9,   79,   -5
   15677, 0,0,0,0,   -4,    8,   96,   -8
   15693, 0,0,0,0,   -4,   10,  127,  -11
   15709, 0,0,0,0,   -4,   10,  127,   -7
   15724, 0,0,0,0,   -4,   10,  127,   -3
   15739, 0,0,0,0,   -4,    9,  127,    1
   15755, 0,0,0,0,   -4,    9,  127,   -2
   15770, 0,0,0,0,   -6,    8,  115,   -7
   15786, 0,0,0,0,   -4,    8,   92,   -7
   15801, 0,0,0,0,   -4,    9,   89,   -7
   15817, 0,0,0,0,   -4,    1,   59,   -8
   15831, 0,0,0,0,   -4,    1,   29,   -9
   15847, 0,0,0,0,   -4,   -4,    6,   -5
   15862, 0,0,0,0,   -4,   -9,    4,   -4
   15878, 0,0,0,0,   -4,    1,    5,   -3
   15893, 0,0,0,0,   -3,    0,    0,   -3
   15909, 0,0,0,0,   -4,    0,    2,    2
   15924, 0,0,0,0,   -3,   -8,   -1,    1
   15940, 0,0,0,0,   -4,    0,    3,    2
   15955, 0,0,0,0,   -4,    0,   16,   -2
   15971, 0,0,0,0,   -5,    1,   55,   -3
   15985, 0,0,0,0,   -4,    9,  114,  -17
   16001, 0,0,0,0,   -4,   10,  127,  -19
   16015, 0,0,0,0,   -4,    9,  127,  -20
   16031, 0,0,0,0,   -4,   10,  127,  -19
   16047, 0,0,0,0,   -4,    9,  127,  -18
   16063, 0,0,0,0,   -4,    9,  127,  -18
   16079, 0,0,0,0,   -4,   10,  127,  -18
   16095, 0,0,0,0,   -4,   10,  127,  -19
   16111, 0,0,0,0,   -4,    9,  127,  -17
   16126, 0,0,0,0,   -4,   10,  127,  -17
   16141, 0,0,0,0,   -4,    9,  127,  -18
   16157, 0,0,0,0,   -4,   11,  127,  -18
   16173, 0,0,0,0,   -4,   11,  127,  -18
   16188, 0,0,0,0,   -4,    8,   78,  -10
   16203, 0,0,0,0,   -4,    1,   42,   -8
   16219, 0,0,0,0,   -4,   -1,   16,   -4
   16235, 0,0,0,0,   -4,    0,    5,    4
   16250, 0,0,0,0,   -3,   -8,   -8,    5
   16266, 0,0,0,0,   -3,   -4,    3,    6
   16282, 0,0,0,0,   -4,   -9,   -4,    6
   16298, 0,0,0,0,   -4,    0,    3,    5
   16313, 0,0,0,0,   -4,    0,    6,    5
   16329, 0,0,0,0,   -4,    0,   21,    2
   16345, 0,0,0,0,   -4,    8,   71,    1
   16361, 0,0,0,0,   -4,   10,  127,  -10
   16377, 0,0,0,0,   -4,   11,  127,   -8
   16393, 0,0,0,0,   -4,   11,  127,   -8
   16409, 0,0,0,0,   -4,   10,  127,   -8
   16424, 0,0,0,0,   -4,   10,  127,   -9
   16440, 0,0,0,0,   -4,   10,  127,   -7
   16456, 0,0,0,0,   -4,   10,  127,   -7
   16472, 0,0,0,0,   -4,    9,  127,   -7
   16487, 0,0,0,0,   -4,    9,  119,   -4
   16502, 0,0,0,0,   -4,   10,  102,   -2
   16518, 0,0,0,0,   -4,    8,   87,    3
   16533, 0,0,0,0,   -4,    0,   49,    6
   16549, 0,0,0,0,   -4,    1,   22,   -1
   16564, 0,0,0,0,   -3,    1,    8,   -5
   16579, 0,0,0,0,   -4,    1,    4,   -4
   16594, 0,0,0,0,   -3,   -8,    2,   -5
   16610, 0,0,0,0,   -4,   -9,   -2,    6
   16626, 0,0,0,0,   -4,   -8,   -4,   -3
   16641, 0,0,0,0,   -4,    1,    4,    5
   16656, 0,0,0,0,   -4,    0,    4,    2
   16671, 0,0,0,0,   -4,   -4,    4,   -2
   16687, 0,0,0,0,   -3,    0,   15,   -3
   16702, 0,0,0,0,   -4,    1,   39,   -2
   16718, 0,0,0,0,   -3,   11,  127,   -9
   16734, 0,0,0,0,   -4,   10,  127,   -8
   16749, 0,0,0,0,   -3,   11,  127,   -9
   16764, 0,0,0,0,   -5,    9,  127,   -8
   16780, 0,0,0,0,   -4,   10,  127,   -9
   16795, 0,0,0,0,   -4,   10,  127,   -8
   16811, 0,0,0,0,   -3,   11,  127,   -9
   16826, 0,0,0,0,   -3,   10,  127,   -8
   16842, 0,0,0,0,   -4,   10,  127,   -9
   16857, 0,0,0,0,   -4,   10,  127,   -7
   16872, 0,0,0,0,   -5,    9,  127,   -7
   16887, 0,0,0,0,   -4,   10,  127,   -8
   16903, 0,0,0,0,   -4,   10,  127,   -7
   16918, 0,0,0,0,   -4,   10,  127,   -8
   16935, 0,0,0,0,   -4,    9,   87,   -4
   16950, 0,0,0,0,   -6,    0,   20,   -2
   16966, 0,0,0,0,   -4,    0,   17,    1
   16981, 0,0,0,0,   -4,    0,   10,   -2
   16997, 0,0,0,0,   -4,    1,    4,    3
   17012, 0,0,0,0,   -4,    0,    4,    2
   17027, 0,0,0,0,   -3,    0,   18,   -3
   17043, 0,0,0,0,   -3,    2,   43,   -4
   17059, 0,0,0,0,   -4,   10,  119,  -18
   17074, 0,0,0,0,   -4,   11,  127,  -19
   17089, 0,0,0,0,   -4,   11,  127,  -17
   17105, 0,0,0,0,   -6,    9,  127,  -17
   17120, 0,0,0,0,   -3,   11,  127,  -11
   17135, 0,0,0,0,   -3,   11,  127,  -15
   17151, 0,0,0,0,   -3,   11,  127,  -16
   17166, 0,0,0,0,   -4,   10,  127,  -10
   17181, 0,0,0,0,   -4,   10,  127,  -10
   17197, 0,0,0,0,   -5,    9,  127,  -16
   17212, 0,0,0,0,   -3,    9,  127,  -17
   17228, 0,0,0,0,   -4,   10,  119,  -18
   17243, 0,0,0,0,   -4,    9,   86,  -17
   17258, 0,0,0,0,   -6,    7,   72,  -15
   17273, 0,0,0,0,   -4,    2,   46,   -9
   17288, 0,0,0,0,   -4,    0,   22,   -9
   17303, 0,0,0,0,   -4,   -2,    8,   -3
   17319, 0,0,0,0,   -4,   -3,    4,   -2
   17334, 0,0,0,0,   -4,    1,    5,    1
   17350, 0,0,0,0,   -4,   -8,    3,   -3
   17365, 0,0,0,0,   -4,    0,    3,    4
   17382, 0,0,0,0,   -4,    0,   -2,    6
   17396, 0,0,0,0,   -4,    0,    6,    1
   17412, 0,0,0,0,   -3,   -5,    5,   -4
   17428, 0,0,0,0,   -3,   -2,    3,   -3
   17443, 0,0,0,0,   -4,   -1,    2,   -2
   17459, 0,0,0,0,   -3,    0,    5,    5
   17475, 0,0,0,0,   -3,   10,   88,   -4
   17491, 0,0,0,0,   -3,   11,  127,   -9
   17507, 0,0,0,0,   -4,   11,  127,   -4
   17522, 0,0,0,0,   -4,   10,  127,    3
   17537, 0,0,0,0,   -4,    9,  127,    8
   17552, 0,0,0,0,   -3,   10,  127,   11
   17568, 0,0,0,0,   -4,   10,  127,   17
   17583, 0,0,0,0,   -4,   10,  127,   18
   17599, 0,0,0,0,   -4,   10,  127,   10
   17614, 0,0,0,0,   -4,    9,  123,   10
   17631, 0,0,0,0,   -4,    9,  105,   11
   17644, 0,0,0,0,   -4,    9,   78,    6
   17660, 0,0,0,0,   -4,    0,   15,   -2
   17676, 0,0,0,0,   -4,    1,   17,    1
   17691, 0,0,0,0,   -4,    0,    3,   -3
   17707, 0,0,0,0,   -4,    1,    4,   -4
   17723, 0,0,0,0,   -4,   -9,   -7,   -3
   17737, 0,0,0,0,   -4,   -9,   -6,    0
   17752, 0,0,0,0,   -4,   -9,   -7,   -3
   17768, 0,0,0,0,   -4,    0,    1,    0
   17784, 0,0,0,0,   -4,    1,   18,    0
   17799, 0,0,0,0,   -3,    1,   34,    0
   17815, 0,0,0,0,   -3,    1,   44,   -1
   17831, 0,0,0,0,   -3,    9,  108,  -11
   17847, 0,0,0,0,   -4,   11,  127,  -19
   17862, 0,0,0,0,   -4,   10,  127,  -17
   17878, 0,0,0,0,   -4,   10,  127,  -17
   17893, 0,0,0,0,   -3,   10,  127,  -18
   17908, 0,0,0,0,   -4,   10,  127,  -18
   17924, 0,0,0,0,   -4,    9,  127,  -16
   17940, 0,0,0,0,   -3,   10,  127,  -11
   17955, 0,0,0,0,   -4,    9,  127,  -15
   17971, 0,0,0,0,   -5,    9,  127,  -16
   17987, 0,0,0,0,   -4,    9,  122,   -9
   18002, 0,0,0,0,   -5,    8,  112,   -8
   18017, 0,0,0,0,   -3,    9,  105,   -9
   18034, 0,0,0,0,   -4,    9,  102,   -7
   18049, 0,0,0,0,   -4,    8,   88,   -8
   18064, 0,0,0,0,   -4,    8,   89,   -8
   18080, 0,0,0,0,   -4,    0,   33,  -11
   18096, 0,0,0,0,   -4,    1,   12,  -10
   18111, 0,0,0,0,   -4,    1,    8,   -8
   18127, 0,0,0,0,   -4,    0,   17,  -13
   18142, 0,0,0,0,   -5,   -3,   15,  -14
   18157, 0,0,0,0,   -4,    0,    4,   -8
   18173, 0,0,0,0,   -4,   -1,    5,   -8
   18189, 0,0,0,0,   -4,    0,    4,   -4
   18205, 0,0,0,0,   -4,   -1,   14,   -1
   18220, 0,0,0,0,   -4,    9,   86,    1
   18236, 0,0,0,0,   -4,   11,  127,   -8
   18252, 0,0,0,0,   -4,   10,  127,   -7
   18268, 0,0,0,0,   -3,   10,  127,   -7
   18284, 0,0,0,0,   -5,    9,  127,   -7
   18300, 0,0,0,0,   -3,   10,  127,   -7
   18315, 0,0,0,0,   -3,   10,  127,   -8
   18330, 0,0,0,0,   -5,    9,  127,   -7
   18346, 0,0,0,0,   -4,   10,  114,   -7
   18362, 0,0,0,0,   -3,    8,   87,   -6
   18377, 0,0,0,0,   -4,    1,   41,   -6
   18392, 0,0,0,0,   -4,    0,   14,   -4
   18408, 0,0,0,0,   -4,    0,   14,   -4
   18424, 0,0,0,0,   -4,    1,    5,   -5
   18440, 0,0,0,0,   -5,   -2,   15,   -3
   18455, 0,0,0,0,   -4,    0,    5,   -3
   18471, 0,0,0,0,   -4,    0,    5,   -1
   18487, 0,0,0,0,   -4,    1,    6,    0
   18502, 0,0,0,0,   -4,    1,    6,    1
   18517, 0,0,0,0,   -4,    1,   17,   -3
   18533, 0,0,0,0,   -4,    1,   34,   -3
   18548, 0,0,0,0,   -4,    9,   84,   -4
   18563, 0,0,0,0,   -4,   10,  124,   -9
   18579, 0,0,0,0,   -4,   10,  127,  -10
   18594, 0,0,0,0,   -4,   10,  127,   -9
   18609, 0,0,0,0,   -3,   11,  127,   -9
   18624, 0,0,0,0,   -4,   10,  127,   -9
   18640, 0,0,0,0,   -4,    9,  127,   -8
   18655, 0,0,0,0,   -4,   10,  127,   -9
   18670, 0,0,0,0,   -4,   11,  127,   -8
   18687, 0,0,0,0,   -4,   10,  127,   -9
   18702, 0,0,0,0,   -4,   11,  127,   -8
   18718, 0,0,0,0,   -4,   10,  127,   -9
   18733, 0,0,0,0,   -4,    9,  127,  -12
   18749, 0,0,0,0,   -5,    9,  127,  -14
   18765, 0,0,0,0,   -4,    9,  111,  -10
   18781, 0,0,0,0,   -4,    0,    8,   -4
   18796, 0,0,0,0,   -4,    0,    5,    1
   18811, 0,0,0,0,   -4,    1,   17,    0
   18828, 0,0,0,0,   -4,    0,    6,    1
   18843, 0,0,0,0,   -4,   -4,    3,   -3
   18858, 0,0,0,0,   -4,    0,   -2,    3
   18874, 0,0,0,0,   -4,   -1,    4,    1
   18890, 0,0,0,0,   -4,    0,   10,    2
   18906, 0,0,0,0,   -4,    0,   17,    5
   18921, 0,0,0,0,   -4,    0,   29,    5
   18936, 0,0,0,0,   -4,    8,   79,    1
   18951, 0,0,0,0,   -3,   10,  127,   -9
   18966, 0,0,0,0,   -4,    9,  127,   -9
   18982, 0,0,0,0,   -4,   11,  127,   -9
   18998, 0,0,0,0,   -3,   11,  127,   -9
   19014, 0,0,0,0,   -4,    9,  127,   -8
   19030, 0,0,0,0,   -4,   11,  127,   -8
   19045, 0,0,0,0,   -3,   11,  127,   -9
   19059, 0,0,0,0,   -4,   10,  127,   -8
   19075, 0,0,0,0,   -4,    8,   87,   -2
   19090, 0,0,0,0,   -3,    9,   75,    5
   19106, 0,0,0,0,   -4,    8,   69,    3
   19121, 0,0,0,0,   -4,    0,   41,   -2
   19136, 0,0,0,0,   -6,   -2,   10,   -2
   19152, 0,0,0,0,   -4,    0,    6,   -3
   19168, 0,0,0,0,   -4,    0,    6,   -2
   19183, 0,0,0,0,   -4,    0,    4,   -2
   19198, 0,0,0,0,   -3,   -7,    1,   -4
   19213, 0,0,0,0,   -4,    1,    4,    1
   19229, 0,0,0,0,   -4,    1,    4,    1
   19245, 0,0,0,0,   -5,   -1,    3,   -3
   19260, 0,0,0,0,   -4,   -8,    3,   -3
   19275, 0,0,0,0,   -4,    0,   17,   -2
   19291, 0,0,0,0,   -4,    1,   17,   -3
   19306, 0,0,0,0,   -4,    1,   14,    2
   19322, 0,0,0,0,   -4,    2,   28,   -3
   19338, 0,0,0,0,   -4,    1,   35,    1
   19353, 0,0,0,0,   -3,    2,   49,   -5
   19368, 0,0,0,0,   -4,   11,  127,  -20
   19384, 0,0,0,0,   -3,   11,  127,  -19
   19399, 0,0,0,0,   -6,    9,  127,  -18
   19415, 0,0,0,0,   -4,   11,  127,  -18
   19430, 0,0,0,0,   -4,   10,  127,  -19
   19447, 0,0,0,0,   -5,   10,  127,  -19
   19461, 0,0,0,0,   -4,    9,  127,  -17
   19476, 0,0,0,0,   -4,   10,  127,  -17
   19491, 0,0,0,0,   -3,   10,  123,  -17
   19507, 0,0,0,0,   -4,    9,   86,   -9
   19522, 0,0,0,0,   -4,    0,   20,   -6
   19537, 0,0,0,0,   -5,   -2,    4,   -4
   19552, 0,0,0,0,   -4,   -8,    6,   -3
   19567, 0,0,0,0,   -4,    1,    6,   -3
   19582, 0,0,0,0,   -3,    0,    3,   -5
   19598, 0,0,0,0,   -4,   -9,   -1,   -3
   19613, 0,0,0,0,   -4,   -1,    5,    1
   19628, 0,0,0,0,   -4,    0,    2,   -3
   19645, 0,0,0,0,   -4,    1,    5,    1
   19660, 0,0,0,0,   -4,    1,   20,    2
   19675, 0,0,0,0,   -3,   10,  118,  -18
   19690, 0,0,0,0,   -4,   10,  127,  -20
   19706, 0,0,0,0,   -3,   10,  127,  -20
   19722, 0,0,0,0,   -3,   10,  127,  -19
   19738, 0,0,0,0,   -4,   12,  127,  -19
   19753, 0,0,0,0,   -4,   11,  127,  -18
   19769, 0,0,0,0,   -3,   10,  127,  -18
   19785, 0,0,0,0,   -3,   10,  127,  -18
   19800, 0,0,0,0,   -4,   10,  127,  -18
   19815, 0,0,0,0,   -4,   10,  127,  -17
   19829, 0,0,0,0,   -4,    9,  127,  -17
   19845, 0,0,0,0,   -3,    9,  113,  -10
   19860, 0,0,0,0,   -3,    8,   77,   -7
   19875, 0,0,0,0,   -4,    1,   42,   -4
   19890, 0,0,0,0,   -4,    0,   13,    2
   19906, 0,0,0,0,   -4,   -1,   14,    1
   19921, 0,0,0,0,   -5,   -2,    3,   -3
   19936, 0,0,0,0,   -5,   -3,    3,   -2
   19952, 0,0,0,0,   -4,   -4,    5,   -3
   19967, 0,0,0,0,   -4,   -5,    6,   -3
   19984, 0,0,0,0,   -4,   -9,    5,   -2
   19998, 0,0,0,0,   -3,    0,    3,   -3
   20014, 0,0,0,0,   -4,   -2,    3,    2
   20029, 0,0,0,0,   -4,    0,   11,    3
   20044, 0,0,0,0,   -3,   -1,    3,    5
   20059, 0,0,0,0,   -5,   -1,    4,    2
   20075, 0,0,0,0,   -5,   -3,    4,   -1
   20090, 0,0,0,0,   -3,    1,   16,    5
   20106, 0,0,0,0,   -4,   11,  127,  -20
   20121, 0,0,0,0,   -3,   10,  127,  -19
   20137, 0,0,0,0,   -5,    9,  127,  -17
   20153, 0,0,0,0,   -3,   11,  127,  -19
   20169, 0,0,0,0,   -3,   10,  127,  -18
   20185, 0,0,0,0,   -4,    9,  127,  -18
   20201, 0,0,0,0,   -3,   10,  127,  -19
   20216, 0,0,0,0,   -4,    9,  124,  -17
   20231, 0,0,0,0,   -4,    9,   87,  -17
   20247, 0,0,0,0,   -4,    9,   80,  -17
   20262, 0,0,0,0,   -4,    0,   42,  -16
   20278, 0,0,0,0,   -3,    0,   28,   -9
   20293, 0,0,0,0,   -4,   -1,    7,   -6
   20309, 0,0,0,0,   -4,    1,    4,   -6
   20324, 0,0,0,0,   -4,   -8,    5,   -5
   20339, 0,0,0,0,   -4,    0,    0,   -4
   20354, 0,0,0,0,   -4,   -4,    2,   -3
   20370, 0,0,0,0,   -4,    0,    4,   -3
   20385, 0,0,0,0,   -4,    1,   16,    1
   20400, 0,0,0,0,   -4,    1,   27,   -2
   20417, 0,0,0,0,   -3,    9,   89,   -7
   20431, 0,0,0,0,   -4,   11,  127,  -11
   20447, 0,0,0,0,   -4,   10,  127,  -14
   20462, 0,0,0,0,   -4,   10,  127,  -10
   20478, 0,0,0,0,   -4,    9,  127,  -11
   20493, 0,0,0,0,   -4,   10,  127,  -10
   20509, 0,0,0,0,   -3,   11,  127,  -11
   20525, 0,0,0,0,   -4,   10,  127,  -11
   20540, 0,0,0,0,   -4,    9,  125,  -10
   20555, 0,0,0,0,   -3,    9,  104,   -8
   20571, 0,0,0,0,   -3,    9,   89,   -8
   20587, 0,0,0,0,   -4,    8,   84,   -8
   20603, 0,0,0,0,   -3,    1,   71,   -8
   20619, 0,0,0,0,   -4,    1,   48,   -5
   20635, 0,0,0,0,   -4,    1,   43,   -4
   20650, 0,0,0,0,   -4,    0,   21,   -2
   20666, 0,0,0,0,   -4,    0,    7,    0
   20681, 0,0,0,0,   -4,   -1,    4,    1
   20696, 0,0,0,0,   -4,   -9,    5,   -2
   20712, 0,0,0,0,   -4,    1,    4,    0
   20727, 0,0,0,0,   -4,    0,    2,    1
   20743, 0,0,0,0,   -4,    0,    4,    2
   20758, 0,0,0,0,   -4,   -8,    5,   -2
   20774, 0,0,0,0,   -4,   -1,    9,    7
   20790, 0,0,0,0,   -4,   11,  127,    1
   20806, 0,0,0,0,   -4,   11,  127,    2
   20822, 0,0,0,0,   -4,   10,  127,   -4
   20837, 0,0,0,0,   -5,    9,  127,   -4
   20853, 0,0,0,0,   -4,   10,  127,   -4
   20868, 0,0,0,0,   -4,   10,  127,   -7
   20883, 0,0,0,0,   -4,    9,  125,   -7
   20899, 0,0,0,0,   -4,    9,  105,   -6
   20915, 0,0,0,0,   -3,    9,   77,   -5
   20930, 0,0,0,0,   -4,    1,   47,   -3
   20946, 0,0,0,0,   -3,    1,   17,    4
   20962, 0,0,0,0,   -3,   -8,    5,   -4
   20978, 0,0,0,0,   -4,   -4,    3,   -2
   20993, 0,0,0,0,   -4,    0,    5,   -2
   21008, 0,0,0,0,   -5,   -2,    4,   -2
   21024, 0,0,0,0,   -4,   -1,    5,    4
   21040, 0,0,0,0,   -5,   -4,    2,   -2
   21055, 0,0,0,0,   -3,    0,    5,   -2
   21071, 0,0,0,0,   -4,    1,    5,   -4
   21086, 0,0,0,0,   -4,    1,   34,   -3
   21101, 0,0,0,0,   -4,    8,   61,   -4
   21117, 0,0,0,0,   -4,    9,  114,   -7
   21132, 0,0,0,0,   -4,   10,  127,   -8
   21148, 0,0,0,0,   -4,   11,  127,   -8
   21163, 0,0,0,0,   -4,   10,  127,   -8
   21179, 0,0,0,0,   -4,    9,  127,  -10
   21194, 0,0,0,0,   -4,   11,  127,   -8
   21210, 0,0,0,0,   -4,   11,  127,   -8
   21225, 0,0,0,0,   -4,   10,  127,   -9
   21240, 0,0,0,0,   -3,   10,  127,  -10
   21256, 0,0,0,0,   -4,   10,  127,   -8
   21271, 0,0,0,0,   -4,   10,  127,   -9
   21287, 0,0,0,0,   -4,   10,  124,   -9
   21303, 0,0,0,0,   -3,    9,   90,   -9
   21318, 0,0,0,0,   -4,    1,   58,   -8
   21334, 0,0,0,0,   -3,    1,   45,   -8
   21350, 0,0,0,0,   -4,    1,   43,   -7
   21366, 0,0,0,0,   -5,    0,   21,   -4
   21381, 0,0,0,0,   -3,   -9,    2,   -3
   21397, 0,0,0,0,   -4,    0,    6,    0
   21413, 0,0,0,0,   -4,    0,    5,    1
   21428, 0,0,0,0,   -4,    0,   17,   -4
   21443, 0,0,0,0,   -3,    9,  111,   -6
   21459, 0,0,0,0,   -6,    9,  122,   -6
   21475, 0,0,0,0,   -5,    9,  127,   -7
   21491, 0,0,0,0,   -4,   12,  127,   -9
   21506, 0,0,0,0,   -4,   11,  127,   -5
   21521, 0,0,0,0,   -4,   11,  127,   -5
   21537, 0,0,0,0,   -5,    9,  127,   -4
   21552, 0,0,0,0,   -4,   11,  127,   -6
   21567, 0,0,0,0,   -4,   11,  127,   -9
   21583, 0,0,0,0,   -3,   10,  124,   -9
   21598, 0,0,0,0,   -4,   10,  120,   -7
   21614, 0,0,0,0,   -3,    9,   87,   -9
   21630, 0,0,0,0,   -3,    9,   70,   -8
   21645, 0,0,0,0,   -4,    1,   41,    0
   21661, 0,0,0,0,   -3,    1,   10,    2
   21676, 0,0,0,0,   -4,    0,    5,   -3
   21691, 0,0,0,0,   -4,    0,    6,    1
   21706, 0,0,0,0,   -3,    1,    5,    1
   21722, 0,0,0,0,   -3,   -4,    4,   -3
   21737, 0,0,0,0,   -4,    0,    3,    2
   21752, 0,0,0,0,   -4,    1,    6,    1
   21768, 0,0,0,0,   -4,   -1,   14,    2
   21783, 0,0,0,0,   -3,    0,   29,   -3
   21798, 0,0,0,0,   -4,   10,  127,   -9
   21814, 0,0,0,0,   -4,   10,  127,  -10
   21830, 0,0,0,0,   -4,   11,  127,   -8
   21845, 0,0,0,0,   -4,   10,  127,   -7
   21860, 0,0,0,0,   -4,   11,  127,   -8
   21875, 0,0,0,0,   -4,   10,  127,   -7
   21891, 0,0,0,0,   -4,   10,  127,   -7
   21907, 0,0,0,0,   -4,   10,  127,   -7
   21922, 0,0,0,0,   -4,    9,  127,   -7
   21938, 0,0,0,0,   -4,    9,  127,   -7
   21954, 0,0,0,0,   -4,   11,  127,   -7
   21970, 0,0,0,0,   -4,    9,  127,   -7
   21985, 0,0,0,0,   -4,   10,  127,   -8
   22000, 0,0,0,0,   -5,    9,  127,   -9
   22016, 0,0,0,0,   -4,    1,   57,   -9
   22032, 0,0,0,0,   -3,    0,    9,  -10
   22048, 0,0,0,0,   -4,    0,    7,   -7
   22064, 0,0,0,0,   -3,    0,    4,   -7
   22079, 0,0,0,0,   -3,   -8,    5,   -8
   22094, 0,0,0,0,   -3,   -8,   -3,   -6
   22109, 0,0,0,0,   -4,    0,    5,    0
   22124, 0,0,0,0,   -4,    0,   18,   -3
   22140, 0,0,0,0,   -4,    0,   43,   -4
   22156, 0,0,0,0,   -4,   10,  127,   -9
   22171, 0,0,0,0,   -4,   11,  127,  -10
   22187, 0,0,0,0,   -4,   10,  127,   -8
   22202, 0,0,0,0,   -4,   10,  127,   -7
   22217, 0,0,0,0,   -6,    9,  127,   -6
   22234, 0,0,0,0,   -4,   10,  127,   -7
   22249, 0,0,0,0,   -4,   10,  127,   -7
   22264, 0,0,0,0,   -3,   10,  127,   -8
   22280, 0,0,0,0,   -3,    9,  106,   -7
   22296, 0,0,0,0,   -4,    9,  103,   -7
   22311, 0,0,0,0,   -4,    8,   75,   -6
   22327, 0,0,0,0,   -3,    2,   58,   -5
   22344, 0,0,0,0,   -4,    1,   20,    2
   22360, 0,0,0,0,   -4,    0,    5,   -3
   22375, 0,0,0,0,   -5,   -3,    5,   -3
   22391, 0,0,0,0,   -4,   -1,    1,   -1
   22407, 0,0,0,0,   -5,   -2,    1,   -3
   22422, 0,0,0,0,   -3,    0,   -5,    1
   22438, 0,0,0,0,   -3,    1,    5,    3
   22453, 0,0,0,0,   -3,    1,    3,    3
   22469, 0,0,0,0,   -3,    1,   17,   -4
   22484, 0,0,0,0,   -5,    0,   19,   -2
   22500, 0,0,0,0,   -4,    0,   29,    3
   22515, 0,0,0,0,   -4,    1,   39,   -3
   22530, 0,0,0,0,   -3,    2,   45,   -4
   22546, 0,0,0,0,   -4,    2,   58,   -4
   22561, 0,0,0,0,   -3,   11,  127,  -12
   22577, 0,0,0,0,   -4,   10,  127,   -7
   22593, 0,0,0,0,   -4,   10,  127,   -6
   22608, 0,0,0,0,   -4,   11,  127,   -8
   22624, 0,0,0,0,   -4,    9,  114,    8
   22640, 0,0,0,0,   -3,   -9,  -51,   -5
   22656, 0,0,0,0,   -5,   -1,   13,   -4
   22672, 0,0,0,0,   -4,    0,    5,   -4
   22687, 0,0,0,0,   -4,    0,    3,   -4
   22703, 0,0,0,0,   -4,   -9,   -2,    3
   22718, 0,0,0,0,   -4,   -8,    3,   -3
   22734, 0,0,0,0,   -3,   -9,    3,   -4
   22750, 0,0,0,0,   -4,   -8,    3,   -3
   22766, 0,0,0,0,   -3,    0,    2,    2
   22781, 0,0,0,0,   -3,   -9,    3,   -4
   22796, 0,0,0,0,   -4,    0,   -2,   -3
   22812, 0,0,0,0,   -3,    0,    2,    2
   22827, 0,0,0,0,   -4,    0,    4,    2
   22843, 0,0,0,0,   -4,    0,    3,    1
   22858, 0,0,0,0,   -4,   -9,   -3,   -3
   22874, 0,0,0,0,   -4,   -1,    2,    3
   22889, 0,0,0,0,   -3,   -6,    1,   -3
   22905, 0,0,0,0,   -3,   -1,    0,   -3
   22921, 0,0,0,0,   -3,    0,    1,   -3
   22936, 0,0,0,0,   -4,   -9,    2,   -4
   22952, 0,0,0,0,   -4,   -9,   -3,    2
   22968, 0,0,0,0,   -4,    0,    3,    3
   22984, 0,0,0,0,   -3,   -8,    3,   -4
   23000, 0,0,0,0,   -6,   -2,    3,   -3
   23015, 0,0,0,0,   -3,   -6,    1,   -3
   23030, 0,0,0,0,   -4,   -4,    3,   -3
   23046, 0,0,0,0,   -4,   -8,    2,   -4
   23062, 0,0,0,0,   -4,   -1,    1,   -3
   23077, 0,0,0,0,   -4,    0,    0,   -4
   23092, 0,0,0,0,   -4,    1,    3,   -4
   23108, 0,0,0,0,   -4,   -1,    1,    2
   23124, 0,0,0,0,   -4,    0,    2,    2
   23140, 0,0,0,0,   -4,    0,    0,   -3
   23155, 0,0,0,0,   -3,    0,    2,   -5
   23170, 0,0,0,0,   -4,    0,    3,   -4
   23186, 0,0,0,0,   -5,   -3,    1,   -3
   23202, 0,0,0,0,   -3,    0,    2,   -4
   23217, 0,0,0,0,   -3,   -9,   -4,   -4
   23233, 0,0,0,0,   -3,   -8,   -3,   -4
   23249, 0,0,0,0,   -3,    1,   -1,    2
   23265, 0,0,0,0,   -4,   -1,    4,   -3
   23280, 0,0,0,0,   -4,   -3,    3,   -3
   23296, 0,0,0,0,   -3,   -8,    3,   -4
   23312, 0,0,0,0,   -4,    0,    4,   -3
   23328, 0,0,0,0,   -4,   -6,    1,   -3
   23343, 0,0,0,0,   -4,   -1,    3,    0
   23359, 0,0,0,0,   -4,   -9,    2,   -3
   23375, 0,0,0,0,   -4,    0,    3,   -1
   23391, 0,0,0,0,   -4,   -6,    3,   -4
   23406, 0,0,0,0,   -4,   -1,    2,   -3
   23421, 0,0,0,0,   -4,   -9,    4,    2
   23436, 0,0,0,0,   -4,    0,    4,    2
   23452, 0,0,0,0,   -4,   -6,    4,   -3
   23468, 0,0,0,0,   -4,    1,    4,   -4
   23482, 0,0,0,0,   -4,   -3,    3,   -3
   23498, 0,0,0,0,   -4,   -1,    3,   -3
   23513, 0,0,0,0,   -4,   -6,    3,   -3
   23528, 0,0,0,0,   -3,    0,    1,   -4
   23544, 0,0,0,0,   -4,    0,    2,    3
   23559, 0,0,0,0,   -4,   -1,    3,    0
   23574, 0,0,0,0,   -4,    0,    3,    3
   23589, 0,0,0,0,   -4,   -9,   -4,   -3
   23605, 0,0,0,0,   -4,   -1,    2,   -3
   23620, 0,0,0,0,   -4,   -9,   -4,   -3
   23635, 0,0,0,0,   -4,   -2,    2,    3
   23651, 0,0,0,0,   -5,   -2,    2,   -4
   23666, 0,0,0,0,   -3,    1,   -1,    2
   23682, 0,0,0,0,   -4,   -9,   -3,   -4
   23696, 0,0,0,0,   -4,   -1,    1,   -1
